add_way 0x48eb96 (1282,1207) (1280,1216) (1277,1228) (1273,1238) (1266,1254) (1255,1271) (1253,1273)
add_way 0x1e3e2ac (371,533) (373,534) (382,536) (383,536) (396,533) (402,531) (417,528) (424,525) (443,512) (445,511)
add_way 0x1e3e2ad (589,687) (588,688) (589,690)
add_way 0x1e3e2ae (445,511) (448,511) (451,514) (455,519)
add_way 0x20d48f6 (649,561) (673,574) (675,583) (671,592)
add_way 0x20d48f7 (625,625) (621,630) (619,632) (617,634) (615,637) (612,643) (607,649)
add_way 0x2567f5d (766,978) (764,977) (762,976) (760,975)
add_way 0x256a858 (644,947) (645,946) (647,946) (651,944) (656,943)
add_way 0x38a9560 (670,942) (683,946) (698,946) (704,953) (716,956) (720,964) (727,968) (733,964) (742,961) (744,964) (756,962) (763,964)
add_way 0x38a9589 (635,955) (634,955) (634,954) (633,954) (632,954) (631,954) (630,955) (629,954) (629,954) (628,953)
add_way 0x38a9596 (635,950) (634,951) (631,952) (628,953)
add_way 0x38a97bc (852,1222) (828,1238) (809,1256) (802,1260) (788,1260) (776,1265) (766,1273)
add_way 0x0 (301,1249) (286,1248) (270,1254) (250,1265) (235,1273)
add_way 0x1 (151,1261) (138,1267) (133,1269) (117,1273)
add_way 0x38a9b60 (627,954) (626,954) (625,954) (625,954) (624,953) (624,953) (624,952) (624,951) (625,950) (624,950) (624,949)
add_way 0x38b1f59 (671,936) (674,935) (677,934) (681,933) (685,930) (689,930) (693,928) (695,927) (696,927) (698,926) (699,926) (703,925) (703,925) (706,924) (710,922) (716,920) (725,917)
add_way 0x3dd0c15 (729,112) (733,100) (745,85) (751,74) (753,59) (749,47)
add_way 0x4117a2f (1233,1154) (1233,1146) (1234,1139) (1233,1133)
add_way 0x4117a55 (1175,1270) (1174,1269) (1172,1257) (1170,1255) (1170,1252) (1161,1246) (1156,1247) (1152,1242) (1154,1238)
add_way 0x4117a62 (1297,1147) (1302,1145) (1307,1142)
add_way 0x4117a64 (1327,741) (1326,741)
add_way 0x4117a65 (1299,1142) (1295,1144) (1261,1167) (1249,1180)
add_way 0x4117a96 (1282,1207) (1285,1209) (1294,1213) (1303,1213) (1306,1214) (1313,1225) (1318,1228) (1319,1236) (1316,1246) (1315,1249) (1309,1254) (1307,1256) (1301,1257)
add_way 0x4117aa6 (1294,1155) (1311,1161) (1316,1154) (1321,1143) (1332,1131) (1340,1126) (1346,1124) (1352,1117) (1356,1115) (1369,1107) (1372,1102) (1376,1102)
add_way 0x4117aac (1369,635) (1373,627) (1371,623)
add_way 0x4117ac7 (1323,584) (1319,592) (1314,601)
add_way 0x4396e42 (452,98) (441,111) (427,134) (416,147) (339,216) (329,231) (327,255) (323,262) (297,285) (274,285) (252,296) (242,307) (212,331) (202,341)
add_way 0x4396e4a (520,591) (515,593) (509,598)
add_way 0x4bd0ce2 (904,1243) (904,1242)
add_way 0x4d428de (592,672) (591,671) (590,671) (588,670) (586,670) (585,669) (585,669) (583,668) (582,666)
add_way 0x4d42f3e (607,649) (604,650) (603,650) (602,650) (600,651) (600,651) (600,651) (599,651) (598,650) (598,650) (597,650) (597,650) (596,650) (596,651) (595,651)
add_way 0x4d43b57 (736,696) (731,691)
add_way 0x7e95f1a (452,98) (465,102) (471,103) (472,104) (474,108) (475,110) (481,113) (485,113) (495,113) (500,112) (523,106) (525,104) (531,96)
add_way 0x2 (531,96) (533,94) (534,93) (532,92) (531,93) (531,96)
add_way 0x7e95f1b (629,97) (633,99) (638,98) (646,98) (651,97) (654,99) (658,103) (659,106) (655,124) (653,128) (644,141) (638,153) (634,160)
add_way 0x3 (634,160) (633,163) (633,164) (631,164) (631,162) (634,160)
add_way 0x7e95f1d (593,7) (590,6) (590,2) (587,0)
add_way 0x7e95f1e (558,297) (560,298) (560,311) (559,314) (557,316) (555,317) (550,320) (548,321) (537,339) (536,342) (534,349) (533,353) (531,356) (524,364)
add_way 0x4 (524,364) (523,365) (522,366) (521,366) (522,364) (524,364)
add_way 0x7e95f21 (613,122) (612,125)
add_way 0x7e95f22 (556,297) (558,297)
add_way 0x7e95f26 (366,367) (364,353) (366,319) (380,294) (403,277) (406,259) (402,234) (392,226) (378,221) (349,191) (307,174) (289,153) (262,147) (172,187) (141,209) (90,252) (54,292) (42,312) (21,336) (0,354)
add_way 0x7e95f29 (594,123) (593,120) (587,113) (575,101) (577,100)
add_way 0x7e95f2a (555,284) (552,291) (551,293) (551,295) (556,297)
add_way 0x7e95f2e (593,11) (595,9) (596,8) (594,6) (593,7)
add_way 0x7e95f30 (555,284) (564,275) (574,239) (574,236) (569,233) (564,233) (560,233) (557,231) (555,225) (549,222) (549,219) (551,213) (554,209) (562,204) (566,200) (569,195) (571,186) (592,141) (595,137)
add_way 0x7e95f32 (629,97) (624,104) (619,111) (614,121)
add_way 0x7e95f33 (366,367) (372,364) (380,359) (392,355) (398,350) (400,349) (403,349) (411,345)
add_way 0x7eead24 (1078,0) (1077,2) (1075,5) (1074,5) (1067,7) (1065,8) (1053,14) (1049,17)
add_way 0x7f075a9 (455,520) (458,523) (460,524)
add_way 0x7f075ad (1049,17) (1040,10) (1038,8) (1031,0)
add_way 0x7f075b1 (754,128) (745,124) (743,117) (738,115) (735,112) (729,112)
add_way 0x7f075b5 (1231,9) (1228,13)
add_way 0x7f075b6 (1111,0) (1114,4) (1114,8) (1113,16) (1104,31) (1103,41) (1100,51) (1096,58) (1096,60) (1099,65) (1105,70) (1108,76) (1109,82)
add_way 0x5 (1109,82) (1111,84) (1110,84) (1109,85) (1109,84) (1109,82)
add_way 0x7f075b7 (792,101) (799,94) (807,85) (825,69) (842,55) (853,41) (848,28) (840,29)
add_way 0x6 (840,29) (838,31) (837,31) (837,29) (839,28) (840,29)
add_way 0x7f075ba (819,207) (821,209)
add_way 0x7f075be (1292,33) (1295,28) (1299,20) (1303,11) (1301,0)
add_way 0x7f075c1 (865,304) (862,305) (855,306) (852,306) (849,305) (842,299) (829,292) (816,287) (793,268) (789,266) (763,263) (751,261)
add_way 0x7f075c2 (805,164) (807,162)
add_way 0x7f075c4 (934,0) (916,14) (912,19) (903,23) (900,27) (893,33) (889,43) (865,66) (862,72) (846,79) (832,90) (830,94) (820,101) (798,119) (777,125) (763,130) (754,128)
add_way 0x7f075c6 (940,34) (962,17) (964,15) (967,5) (972,0)
add_way 0x7f075c8 (805,164) (807,170) (808,173) (806,183) (808,188) (809,191)
add_way 0x7f075c9 (821,209) (830,205)
add_way 0x7f075ca (792,101) (791,96) (782,86) (776,85)
add_way 0x7f075cc (689,97) (722,58) (727,55) (742,50) (749,47)
add_way 0x7f075cf (937,133) (927,135) (920,132) (913,131) (900,138) (891,142) (886,146) (880,150)
add_way 0x7f075d0 (1297,59) (1282,68) (1275,74) (1273,77) (1266,88) (1258,93) (1250,99) (1243,103) (1242,103)
add_way 0x7f075d2 (809,191) (814,189) (821,187) (824,185) (834,178) (838,176) (843,177)
add_way 0x7f075d3 (883,219) (881,217) (876,218) (860,225) (858,224) (856,223) (854,222) (849,226) (837,231) (835,231)
add_way 0x7f075d5 (937,133) (929,151) (915,169) (905,179)
add_way 0x7f075d7 (940,34) (940,29) (941,25) (941,22) (936,17) (935,13) (936,6) (938,1) (938,0)
add_way 0x7f1c14a (646,329) (649,328) (669,336)
add_way 0x7f1c14d (684,244) (672,254) (668,258) (652,285) (643,299)
add_way 0x7 (643,299) (643,301) (643,303) (641,303) (640,303) (641,301) (643,299)
add_way 0x7f1c150 (926,334) (926,348) (920,359) (921,360) (926,363) (923,370) (926,393) (923,398) (915,407) (914,412) (916,416) (916,422) (913,428)
add_way 0x7f1c152 (705,383) (702,390) (701,393) (701,395) (701,396) (702,408) (702,413) (702,418) (701,421) (700,424) (698,425) (693,430) (691,434) (685,445) (684,449) (683,453) (682,460) (681,463)
add_way 0x7f1c154 (697,186) (694,189) (688,190) (663,203) (655,210) (651,217) (649,225) (641,234) (623,248) (620,252) (610,273) (603,283) (591,294)
add_way 0x8 (591,294) (590,295) (589,296) (588,296) (588,295) (589,294) (591,294)
add_way 0x7f1c157 (687,254) (691,258) (699,263)
add_way 0x7f1c15b (1318,66) (1320,65) (1321,63) (1326,58) (1330,55)
add_way 0x7f1c15d (865,304) (869,305) (871,315) (875,317)
add_way 0x7f1c162 (1288,116) (1292,116) (1295,116) (1296,118) (1298,120) (1301,126) (1307,130) (1312,134) (1323,145) (1341,145) (1343,146) (1348,155)
add_way 0x9 (1348,155) (1349,155) (1349,156) (1348,157) (1348,156) (1348,155)
add_way 0x7f1c165 (724,365) (730,366) (799,355) (806,359) (821,367) (824,367) (839,363)
add_way 0x7f1c168 (699,263) (699,266) (699,269) (700,277) (694,290) (688,295) (681,306) (670,317) (670,328) (669,336)
add_way 0x7f1c169 (687,254) (682,254) (677,253) (672,254) (666,248) (658,243)
add_way 0xa (658,243) (655,241) (654,243) (655,245) (656,245) (658,243)
add_way 0x7f253b0 (799,217) (792,215) (787,215) (774,218) (771,218) (758,215)
add_way 0x7f253b1 (660,4) (660,1) (661,0)
add_way 0x7f253b7 (779,18) (786,9) (788,7) (790,4) (790,4) (790,0)
add_way 0x7f253bc (693,109) (692,108)
add_way 0x7f253bd (757,42) (758,41) (759,40) (758,40)
add_way 0x7f253c3 (679,81) (681,80)
add_way 0x7f365d4 (1389,895) (1403,910) (1408,912) (1414,912) (1416,911) (1423,910) (1448,913) (1460,915) (1470,913) (1479,913) (1487,909) (1488,908) (1489,908) (1489,908) (1490,908) (1491,909)
add_way 0x7f44b65 (136,1112) (139,1112)
add_way 0x7f44b6a (86,1078) (70,1077) (64,1078) (53,1075) (51,1072) (54,1059) (43,1059) (40,1051)
add_way 0xb (40,1051) (38,1049) (37,1049) (35,1050) (36,1051) (40,1051)
add_way 0x7f44b6b (134,1114) (136,1112)
add_way 0x7f44b6e (0,1176) (1,1176) (20,1156) (24,1150) (27,1147) (35,1144) (58,1152) (65,1163)
add_way 0x7f4ee7d (243,831) (218,847) (200,847) (176,853) (163,869)
add_way 0x7f4ee85 (166,1251) (167,1248) (173,1243) (176,1239) (180,1230) (183,1226) (194,1218) (212,1208) (222,1201) (229,1197) (233,1194) (235,1190) (237,1181) (242,1167) (244,1160) (245,1157) (252,1148) (254,1140) (253,1126)
add_way 0x7f4ee89 (252,1064) (248,1069) (241,1079) (235,1088) (228,1099)
add_way 0x7f4ee8a (248,935) (229,929) (214,935) (202,932) (198,934) (182,948) (169,950) (163,947) (158,955) (145,968) (121,985)
add_way 0x7f4ee8f (54,1181) (63,1174) (75,1168) (99,1164) (108,1168) (114,1168) (120,1165) (137,1150) (156,1150) (165,1144) (169,1138) (174,1123) (189,1110) (196,1101) (203,1098) (224,1100) (228,1099)
add_way 0x7f4ee92 (38,1216) (53,1214) (56,1215) (66,1218) (91,1225)
add_way 0x7f4ee95 (298,996) (293,998) (288,998) (281,1001)
add_way 0x7f4ee98 (300,1005) (292,1013) (287,1015) (282,1013) (276,1014) (274,1015)
add_way 0x7f4ee9a (248,935) (209,985) (203,991) (201,995) (202,1007) (200,1013) (186,1026)
add_way 0x7f570c1 (1267,1123) (1278,1119) (1284,1115) (1288,1113) (1312,1099) (1318,1099)
add_way 0x7f570c9 (738,1070) (738,1058) (735,1049) (726,1043) (726,1041)
add_way 0x7f570ca (316,1237) (318,1234) (322,1232) (323,1233) (322,1236) (321,1235) (316,1237)
add_way 0xc (316,1237) (313,1238) (309,1239) (306,1240) (301,1249)
add_way 0x7f570cb (394,969) (399,963) (400,958) (403,954) (407,948) (408,947) (407,945) (406,941) (411,929) (413,924) (415,915) (418,909) (418,906) (408,884) (406,865)
add_way 0x7f570cc (27,1273) (23,1270) (24,1266) (23,1262) (15,1261)
add_way 0x7f570cd (467,445) (468,446) (470,446) (470,445) (469,444) (467,445)
add_way 0xd (467,445) (458,441) (435,429) (427,423) (425,423) (410,430) (407,432) (328,505)
add_way 0x7f570ce (751,1023) (748,1023) (743,1019) (721,1018) (701,1026)
add_way 0xe (701,1026) (699,1027) (699,1027) (698,1027) (698,1027) (697,1027) (697,1027) (697,1027) (697,1026) (697,1026) (697,1026) (697,1026) (697,1025) (698,1025) (698,1025) (699,1025) (700,1026) (701,1026)
add_way 0x7f570d0 (281,1212) (279,1209) (281,1204) (284,1201) (287,1198) (290,1197) (292,1197)
add_way 0x812a568 (396,1246) (400,1242) (410,1225) (410,1209) (414,1205)
add_way 0x812a569 (474,1182) (475,1184) (482,1190) (493,1191) (512,1189) (519,1185) (525,1185) (535,1179) (539,1178) (547,1176) (554,1170)
add_way 0x812a56d (1029,1075) (1106,1025) (1139,992) (1156,972) (1180,942) (1191,932) (1199,926) (1203,918) (1207,908) (1208,907) (1209,906) (1211,905) (1215,905) (1224,901) (1231,896) (1236,893) (1237,892)
add_way 0x812a570 (1242,1009) (1239,1007) (1222,999) (1221,989) (1218,983) (1220,967) (1219,952) (1222,942) (1223,935) (1222,929) (1226,922) (1224,912) (1237,893) (1237,892)
add_way 0x812a575 (852,1222) (849,1218) (844,1217) (841,1216) (838,1213) (833,1213) (820,1217)
add_way 0xf (820,1217) (819,1217) (817,1217) (817,1216) (819,1215) (820,1217)
add_way 0x812a578 (735,1220) (735,1222)
add_way 0x812a57c (474,1182) (476,1180) (479,1175) (483,1171) (486,1165) (497,1155) (497,1149) (501,1142) (509,1134) (511,1128) (518,1123) (519,1115) (517,1113) (515,1114) (506,1121)
add_way 0x812a57f (396,1246) (400,1246) (403,1250) (405,1252) (407,1254) (411,1255) (415,1253) (425,1257) (428,1256) (436,1246) (442,1245) (452,1247) (455,1244) (456,1241) (461,1237) (465,1232)
add_way 0x812a581 (610,1158) (608,1158)
add_way 0x812a582 (599,1186) (593,1191) (582,1190)
add_way 0x812a584 (608,1158) (609,1155)
add_way 0x812a58a (559,1273) (567,1251)
add_way 0x812a58c (510,1273) (531,1248) (524,1239) (530,1217) (524,1209) (528,1192) (545,1170) (543,1159) (532,1150) (533,1145) (572,1112) (593,1106) (605,1091) (616,1083) (621,1095) (634,1102) (635,1107) (647,1104)
add_way 0x10 (647,1104) (648,1102) (650,1102) (650,1103) (649,1104) (647,1104)
add_way 0x98f4c41 (274,568) (284,578) (292,583)
add_way 0x98f4c42 (205,726) (199,728) (194,727) (164,699) (154,694)
add_way 0x98f4c44 (378,691) (378,693) (374,700) (371,707)
add_way 0x98f4c45 (166,1251) (159,1252) (156,1257) (151,1261)
add_way 0x98f4c47 (248,704) (252,700) (253,696) (247,686) (246,680)
add_way 0x98f4c48 (303,690) (305,685) (302,673) (303,671)
add_way 0x11 (303,671) (305,668) (303,667) (301,669) (303,671)
add_way 0x98f4c49 (339,689) (334,706) (328,717) (314,730)
add_way 0x12 (314,730) (311,733) (310,733) (310,731) (314,730)
add_way 0x98f4c4a (205,726) (207,736) (203,744) (206,753) (210,755)
add_way 0x13 (210,755) (211,756) (210,758) (209,758) (210,755)
add_way 0x98f7ae1 (682,649) (656,678) (650,683) (645,690) (640,693) (627,697) (619,703) (610,710) (602,716)
add_way 0x14 (602,716) (602,717) (601,718) (600,719) (598,720) (598,719) (598,718) (599,717) (602,716)
add_way 0x98f7ae4 (406,865) (398,867) (382,872)
add_way 0x98f7ae6 (465,569) (466,570) (466,573) (466,576)
add_way 0x98f7ae8 (314,854) (310,858) (310,859)
add_way 0x98f7aeb (243,831) (238,827) (237,818)
add_way 0x98f7aec (485,548) (482,549) (473,556) (468,560) (467,562) (466,564) (465,569)
add_way 0x98f7aef (323,843) (325,841) (326,841) (326,840) (326,840) (327,839) (327,839) (328,838) (328,838) (328,837) (329,835)
add_way 0x98f7af2 (275,828) (275,820) (293,801) (279,786) (272,785) (272,780)
add_way 0x98f7af4 (637,946) (639,944) (644,944)
add_way 0x98f7af5 (644,375) (631,387) (613,406) (610,409) (610,411)
add_way 0x98f7afb (491,884) (492,884) (493,884) (495,883) (497,882)
add_way 0x98f7afe (644,608) (644,610) (642,614) (647,625) (645,632) (647,646)
add_way 0x98f7aff (644,375) (619,367)
add_way 0x98f7b00 (445,511) (449,507) (453,505) (461,505) (470,503) (474,501) (478,497)
add_way 0x98f9bad (663,727) (660,726) (652,729) (637,739) (618,743) (602,754) (587,761)
add_way 0x15 (587,761) (586,762) (585,762) (585,763) (584,763) (584,763) (584,763) (584,763) (584,763) (583,762) (583,762) (584,762) (584,762) (584,762) (584,761) (584,761) (584,761) (585,761) (586,761) (587,761)
add_way 0x98f9bae (695,729) (694,732) (689,741) (688,743) (688,748) (690,752) (689,759) (690,761) (694,767) (697,768) (705,768) (705,769)
add_way 0x98f9baf (649,561) (667,540) (686,529) (692,522) (705,515) (719,510) (729,511) (733,517) (739,518) (745,514) (752,513) (758,516) (761,521) (759,527) (763,531)
add_way 0x16 (763,531) (766,533) (768,532) (768,530) (767,529) (763,531)
add_way 0x98f9bb0 (705,769) (703,779) (710,787) (715,790) (716,790) (715,794) (714,796) (712,799)
add_way 0x98f9bb1 (635,772) (627,779) (623,784) (617,790) (615,792) (610,794) (606,797) (605,797) (603,801) (598,808) (597,808)
add_way 0x98f9bb2 (1001,726) (1001,727) (1001,729) (1001,732) (1001,735) (1002,737) (1004,740)
add_way 0x98f9cba (394,969) (388,973) (376,978) (367,986) (363,992) (361,1027)
add_way 0x98f9cbb (445,977) (446,976) (446,976) (447,976) (447,976) (449,974) (451,973) (452,972)
add_way 0x990bf83 (932,588) (933,588) (934,587) (935,587) (935,587) (936,587) (937,587)
add_way 0x990bf85 (1012,588) (1012,587) (1011,587)
add_way 0x990bf8b (1300,389) (1298,391) (1297,394) (1296,396) (1295,397) (1294,398) (1290,402) (1288,404) (1287,405) (1284,408) (1282,410) (1281,411) (1280,412) (1276,414) (1274,416) (1272,418) (1270,420)
add_way 0x17 (1270,420) (1269,422) (1268,423) (1268,423) (1267,423) (1267,423) (1267,423) (1266,423) (1266,423) (1266,423) (1267,422) (1267,422) (1267,421) (1268,421) (1270,420)
add_way 0x990bf8c (862,754) (861,754) (861,754) (860,755)
add_way 0x990bf8f (791,933) (796,918) (806,906) (810,898)
add_way 0x18 (810,898) (810,897) (810,897) (810,896) (810,896) (810,895) (810,895) (811,895) (811,895) (811,895) (812,895) (812,895) (812,895) (812,896) (811,896) (811,897) (811,897) (810,898)
add_way 0x990bf93 (1300,389) (1299,388) (1298,388) (1297,387) (1296,387) (1296,385) (1296,384) (1297,381) (1298,377) (1298,374) (1298,373) (1299,372) (1299,371) (1300,369) (1302,366)
add_way 0x19 (1302,366) (1303,365) (1304,364) (1304,363) (1305,363) (1305,362) (1305,362) (1306,363) (1306,363) (1306,363) (1306,364) (1306,364) (1305,364) (1304,365) (1302,366)
add_way 0x990bf96 (823,589) (823,597)
add_way 0x990bf9b (1081,367) (1088,379) (1093,381) (1094,391) (1092,395) (1070,423) (1053,436) (1028,459) (1024,465) (1023,475) (1017,484) (1004,496) (990,523) (977,536)
add_way 0x990bf9d (1004,740) (1009,741) (1014,742) (1016,746) (1020,749) (1027,750) (1039,751) (1043,755) (1046,756) (1055,752) (1060,748) (1069,747) (1075,752)
add_way 0x990bfa0 (914,669) (910,671) (909,672) (908,672) (902,674)
add_way 0x990bfa2 (848,504) (838,513) (827,520) (820,527) (815,529) (813,532) (814,539) (817,545) (813,552) (803,565) (794,569) (789,574)
add_way 0x1a (789,574) (788,576) (786,576) (786,574) (788,574) (789,574)
add_way 0x990bfa6 (930,640) (926,641) (925,641) (916,642) (915,642) (910,643)
add_way 0x990bfa7 (921,609) (916,611) (910,616) (906,629) (900,634) (889,640)
add_way 0x990bfab (875,564) (882,568) (885,575) (885,579) (876,589) (866,600)
add_way 0x990bfac (977,647) (992,638) (997,633) (1011,628) (1018,628) (1022,626)
add_way 0x1b (1022,626) (1022,625) (1023,624) (1023,624) (1023,624) (1024,624) (1024,624) (1024,624) (1024,624) (1024,625) (1024,625) (1024,625) (1024,626) (1023,626) (1023,626) (1022,626)
add_way 0x990bfad (1346,480) (1345,481) (1346,482) (1348,483) (1349,484) (1349,485)
add_way 0x991038e (1067,890) (1088,872) (1100,850) (1121,824) (1142,814) (1148,804) (1157,804) (1161,802) (1170,786)
add_way 0x9910391 (1490,470) (1478,471) (1470,474) (1458,485) (1456,492) (1449,501) (1440,509) (1426,519) (1422,525) (1414,529)
add_way 0x9910393 (1403,495) (1407,496) (1414,495) (1416,496) (1415,499) (1410,506) (1408,509) (1405,513) (1400,516) (1398,518) (1397,521) (1401,529) (1404,531) (1407,532) (1414,529)
add_way 0x9910395 (1678,401) (1667,386) (1663,362) (1660,350) (1656,342) (1652,339) (1638,354) (1613,371) (1596,376) (1582,375) (1575,374) (1575,371) (1577,353) (1577,347) (1574,338) (1575,333)
add_way 0x9910397 (1421,649) (1428,630) (1430,621) (1428,616) (1429,614) (1436,610) (1437,608) (1438,600) (1439,594) (1440,589) (1442,584) (1445,580) (1453,573) (1459,565) (1460,563) (1460,557) (1461,553) (1459,545)
add_way 0x9910399 (1387,651) (1366,669)
add_way 0x991039a (1459,545) (1452,549) (1441,558) (1431,563) (1425,564) (1418,563) (1413,562) (1410,563) (1406,569) (1403,571) (1397,573) (1391,583)
add_way 0x1c (1391,583) (1391,585) (1389,586) (1388,586) (1389,584) (1391,583)
add_way 0x991039d (1369,635) (1360,633) (1340,637)
add_way 0x991039f (816,961) (814,957) (814,952) (822,940)
add_way 0x99103a0 (1335,593) (1328,597) (1322,603) (1319,601) (1314,601)
add_way 0x99103a4 (1490,470) (1484,475) (1482,479) (1485,489)
add_way 0x99103a5 (1310,610) (1310,612) (1309,614) (1308,614) (1308,613) (1310,610)
add_way 0x1d (1310,610) (1314,601)
add_way 0x99103a7 (1350,572) (1342,576) (1338,578) (1336,580) (1332,582) (1327,586) (1324,587) (1323,584)
add_way 0x9911047 (1732,250) (1722,251) (1712,251) (1703,252) (1698,254) (1694,256) (1680,264) (1673,270) (1658,278) (1641,283) (1629,284) (1625,287) (1621,290)
add_way 0x9911048 (1394,236) (1392,236)
add_way 0x991104c (1492,243) (1483,241) (1473,246) (1465,254) (1451,258) (1444,263) (1434,275) (1431,277) (1415,276) (1360,295) (1345,296)
add_way 0x9911050 (1492,243) (1490,246) (1482,252) (1480,256)
add_way 0x991105b (1536,241) (1530,243) (1528,244) (1522,244) (1518,245) (1512,246) (1510,245) (1509,242) (1508,242) (1500,242) (1497,243) (1492,243)
add_way 0x991261b (1472,169) (1459,177) (1433,182) (1427,185) (1415,196)
add_way 0x9912620 (1381,62) (1433,44) (1435,43) (1438,39)
add_way 0x9912623 (1371,230) (1368,231)
add_way 0x9912629 (1383,199) (1385,201) (1388,201) (1405,195) (1415,196)
add_way 0x991262a (1381,62) (1382,67) (1388,77) (1387,83) (1389,93) (1390,103) (1388,108) (1385,111) (1380,115)
add_way 0x1e (1380,115) (1378,118) (1377,119) (1376,118) (1376,117) (1380,115)
add_way 0x991262c (1472,169) (1468,162) (1467,149) (1465,142) (1466,138) (1472,127) (1478,119) (1479,116) (1482,96) (1484,93) (1509,69) (1511,66) (1513,61) (1515,60) (1518,57)
add_way 0x99136e9 (901,1259) (907,1259) (914,1256) (923,1255) (932,1251) (937,1252) (940,1254) (947,1256) (952,1259) (956,1265) (959,1266)
add_way 0x99136ea (997,930) (995,938) (990,947) (986,948) (984,950) (984,953) (982,956) (984,958) (978,967) (978,970) (977,972)
add_way 0x99136eb (855,1220) (854,1225) (860,1229) (861,1234) (855,1243) (852,1247) (850,1252)
add_way 0x1f (850,1252) (848,1256) (849,1256) (850,1255) (850,1252)
add_way 0x99136ec (999,1038) (990,1039) (991,1034) (977,1039) (974,1038) (975,1029) (973,1028) (967,1028) (967,1027) (973,1021) (975,1016)
add_way 0x99136ee (1041,1124) (1049,1125) (1064,1118) (1068,1118) (1072,1117) (1074,1114) (1075,1108) (1077,1103)
add_way 0x20 (1077,1103) (1079,1101) (1078,1100) (1076,1101) (1076,1102) (1077,1103)
add_way 0x99136f1 (1009,1159) (1010,1175) (1006,1185) (1003,1188) (1003,1190) (1016,1197) (1024,1197) (1026,1200) (1033,1201) (1036,1204) (1042,1206) (1044,1209)
add_way 0x21 (1044,1209) (1047,1212) (1048,1212) (1049,1210) (1044,1209)
add_way 0x99136f2 (1034,1127) (1038,1141) (1042,1143)
add_way 0x99136f3 (999,1038) (1000,1040) (997,1051) (981,1063) (976,1067) (972,1070)
add_way 0x99136f4 (922,1236) (918,1241)
add_way 0x99136f7 (1022,1024) (1032,1020) (1089,980)
add_way 0x99136ff (890,1012) (888,1016) (874,1033) (871,1041) (871,1045) (873,1048) (881,1047) (888,1051) (895,1051) (896,1053)
add_way 0x9913704 (890,1012) (880,1014) (854,1027) (841,1027)
add_way 0x991370d (918,1241) (928,1241) (936,1237) (950,1233)
add_way 0x9913711 (948,947) (940,945) (934,941) (928,940) (923,937)
add_way 0x9913715 (1069,1099) (1067,1098) (1059,1103) (1055,1107) (1049,1113) (1043,1117) (1042,1122) (1041,1124)
add_way 0x9913716 (1072,1140) (1056,1164) (1054,1170) (1054,1175) (1056,1177) (1057,1178) (1059,1180) (1058,1185)
add_way 0x9a1746e (1190,697) (1189,696) (1189,696) (1188,695) (1188,695) (1187,695) (1187,696)
add_way 0x9a23e7d (1162,1172) (1155,1178) (1150,1183) (1148,1184) (1142,1179) (1139,1179) (1134,1180) (1128,1170) (1126,1169) (1116,1171)
add_way 0x9a23e7e (1048,1273) (1050,1271) (1051,1266) (1053,1264) (1055,1261) (1057,1259)
add_way 0x22 (1057,1259) (1058,1257) (1058,1256) (1059,1256) (1059,1258) (1057,1259)
add_way 0x9a23e83 (1233,1154) (1216,1180) (1208,1182) (1202,1182) (1199,1180) (1196,1180) (1191,1183) (1181,1186)
add_way 0x9a23e84 (1162,1172) (1164,1180) (1160,1190) (1160,1192) (1161,1194)
add_way 0x9a31c19 (1285,980) (1282,976) (1272,970) (1258,969) (1254,967) (1248,967)
add_way 0x23 (1248,967) (1244,967) (1245,965) (1247,965) (1248,967)
add_way 0x9a31c1a (1348,1018) (1356,1021) (1358,1025)
add_way 0x9a31c1c (1348,1018) (1343,1023) (1323,1025) (1294,1035)
add_way 0x9a31c1d (1322,1093) (1325,1094) (1317,1113) (1308,1128) (1304,1130)
add_way 0xa323413 (579,883) (571,887) (553,890) (548,894) (539,906) (515,921) (511,925) (496,927)
add_way 0xb576386 (1004,740) (986,750) (969,776) (960,784) (959,789)
add_way 0xb576388 (1075,752) (1076,752) (1077,752) (1078,752) (1079,752) (1080,752) (1082,752) (1084,752) (1084,752) (1089,751) (1091,751) (1092,751) (1092,751) (1093,751) (1093,752)
add_way 0xb57638a (1621,290) (1619,292) (1617,294)
add_way 0xca9b4fa (1286,1181) (1289,1178) (1292,1169) (1293,1163) (1291,1161)
add_way 0xcac0261 (1424,792) (1422,795) (1415,802) (1408,806) (1404,814) (1400,820) (1396,822)
add_way 0x24 (1396,822) (1395,824) (1394,823) (1395,822) (1396,822)
add_way 0xcac0263 (1397,853) (1389,848) (1385,848) (1381,849) (1370,856) (1366,857) (1359,858) (1352,858) (1348,860) (1345,862) (1334,879)
add_way 0xcac0264 (1458,750) (1460,745) (1460,743) (1461,740) (1462,735) (1464,732) (1464,730) (1463,728) (1462,726) (1463,723) (1469,717) (1473,715) (1476,710)
add_way 0xcac0265 (1346,788) (1345,794)
add_way 0xcac0267 (1397,853) (1395,860) (1391,867) (1391,869) (1393,872) (1393,874) (1389,877) (1387,883) (1387,885) (1387,887) (1389,890) (1389,895)
add_way 0xcac026a (1424,792) (1420,790) (1417,787) (1408,786) (1382,791) (1368,806) (1353,818) (1348,825) (1347,831) (1342,837) (1336,839) (1327,835) (1317,836) (1292,859) (1291,864) (1276,885) (1267,901) (1266,907)
add_way 0xcac026c (1363,734) (1363,735) (1362,736) (1362,736) (1362,736) (1360,738) (1358,739) (1357,740) (1356,740) (1356,741) (1356,742) (1355,745)
add_way 0xd402f53 (1071,140) (1072,140) (1073,141) (1076,142) (1080,143) (1083,143) (1085,144) (1085,147) (1086,150) (1088,151) (1090,150) (1093,149) (1098,146) (1102,148) (1101,155) (1103,158) (1106,159) (1117,157)
add_way 0xd402f54 (1053,124) (1058,122) (1069,116) (1074,113) (1077,112) (1079,112) (1085,111) (1090,111)
add_way 0x119de685 (639,948) (640,947) (643,944) (644,944)
add_way 0x119de686 (631,948) (633,947) (634,947)
add_way 0x119de687 (600,962) (599,962) (597,962) (595,963) (593,964) (590,965) (588,966) (587,967) (585,967) (583,967) (581,967) (579,967) (578,967)
add_way 0x119df434 (737,986) (726,990) (722,987) (717,988) (706,983) (695,987) (688,985) (684,986) (682,984) (680,978) (675,977) (642,981) (639,977) (638,973) (641,968) (635,955)
add_way 0x119df435 (760,975) (760,974) (760,974) (760,972) (760,971) (761,970) (762,969) (762,968) (763,967) (763,966) (763,966) (763,965) (763,964)
add_way 0x1444326c (520,591) (519,593) (517,596) (515,600) (514,601) (513,601) (512,601) (512,599) (511,598) (511,598) (509,598)
add_way 0x1444326d (497,607) (497,606)
add_way 0x1444326e (497,606) (498,602) (499,601) (509,598)
add_way 0x1444326f (466,577) (464,584) (468,587) (469,590) (472,595) (477,599) (482,599) (489,607) (494,608) (495,608)
add_way 0x14443271 (455,519) (455,520)
add_way 0x14443275 (731,195) (729,192) (728,191) (727,189) (725,188) (721,187) (718,186) (715,187) (709,188) (705,188) (703,189) (700,190)
add_way 0x14443277 (1343,48) (1356,35) (1363,30) (1365,28) (1366,26) (1370,17) (1375,9) (1379,5) (1383,0)
add_way 0x14443278 (594,512) (639,489) (652,475) (667,472) (681,463)
add_way 0x144f5fc0 (624,136) (623,134) (623,132) (624,130) (624,129) (624,128) (623,127) (623,127) (622,127) (620,127) (618,128) (616,128) (615,128) (614,128) (613,127) (613,126) (612,126) (611,126)
add_way 0x1575b9b4 (582,678) (582,677) (583,677) (584,676) (585,675) (590,673) (591,673) (592,672)
add_way 0x15ebde13 (1223,182) (1226,182) (1227,183)
add_way 0x15ebde14 (1292,33) (1286,35) (1281,35) (1277,35) (1273,35) (1270,29) (1268,27) (1262,26) (1253,27) (1250,24) (1246,25) (1243,24) (1239,25) (1233,23) (1233,19) (1233,17) (1232,16) (1229,16) (1228,13)
add_way 0x15ebe426 (705,173) (712,167) (718,155) (719,145) (719,142) (720,139) (723,135)
add_way 0x15ebe427 (662,367) (658,366) (651,364)
add_way 0x15ebe428 (641,389) (637,389) (634,389) (631,392) (629,396) (626,400)
add_way 0x15ebe429 (698,195) (689,202) (686,207) (685,212)
add_way 0x15ebe42a (635,398) (639,393) (641,389)
add_way 0x15ebe42b (662,367) (664,365) (666,360) (666,356) (667,354)
add_way 0x15ebed8b (649,938) (653,936)
add_way 0x15ebed8f (668,914) (669,913) (670,912) (671,911)
add_way 0x15ebf65f (1383,238) (1372,242)
add_way 0x15ebf660 (1394,236) (1393,239)
add_way 0x16255ed1 (1075,752) (1076,748) (1086,737) (1091,733) (1104,707) (1109,700)
add_way 0x18f24c1a (635,772) (633,771) (631,771) (629,772) (625,773) (621,775) (620,775) (620,775) (619,773) (619,773) (618,773) (615,773) (614,773)
add_way 0x18f24c20 (597,808) (596,807) (594,806) (591,805) (588,805) (586,804) (587,801) (588,799) (590,794) (591,793) (589,790) (587,787)
add_way 0x1ce94bd9 (1732,38) (1725,41) (1715,43) (1707,44)
add_way 0x1ce94f8d (1592,199) (1591,202)
add_way 0x1ce94f8e (1539,144) (1539,154) (1543,163) (1549,165) (1555,171) (1558,180) (1559,184)
add_way 0x1cf56260 (665,728) (663,727)
add_way 0x1cf56261 (695,728) (686,725) (670,730) (665,728)
add_way 0x1cf56262 (670,595) (671,594) (671,593) (671,592)
add_way 0x1cf56263 (731,691) (730,690)
add_way 0x1cf56265 (759,684) (760,676)
add_way 0x1cf56266 (817,671) (817,669) (818,669) (818,668) (820,666) (822,665) (824,664)
add_way 0x1cf56267 (931,606) (932,606) (933,606) (934,606) (934,606) (935,605) (936,605) (937,604)
add_way 0x1e2b0ab9 (635,955) (635,954) (636,954) (636,953) (636,953) (636,952) (636,951)
add_way 0x1e2b0aba (739,986) (738,986) (738,986) (737,986)
add_way 0x1e2b0abb (760,975) (759,976) (756,976) (752,979) (749,980) (745,982) (744,984) (742,985) (740,986) (739,986)
add_way 0x1e2b0abd (635,950) (635,949) (635,948) (635,947) (636,947) (636,946) (637,946)
add_way 0x1e2b0abe (1167,897) (1171,897) (1173,897) (1174,897) (1176,897) (1178,896) (1181,895) (1183,895) (1184,894) (1186,894) (1189,894) (1189,894) (1191,893) (1194,892) (1195,891)
add_way 0x1e2b0ac0 (1195,891) (1197,891)
add_way 0x1e2b0ac1 (1237,892) (1241,891) (1245,895)
add_way 0x1e2b0ac2 (753,1022) (761,1015) (771,1002) (784,990)
add_way 0x231b0833 (1338,793) (1332,796) (1318,807) (1315,809) (1310,810) (1306,810) (1302,812) (1297,813) (1289,816) (1284,815)
add_way 0x231b0835 (1237,892) (1241,887) (1243,881) (1245,876) (1247,875)
add_way 0x231b0839 (1158,913) (1158,914)
add_way 0x231b083b (1167,897) (1164,904) (1161,911) (1158,913)
add_way 0x231b083d (1158,914) (1157,916) (1155,920) (1152,924) (1151,929)
add_way 0x231b084c (927,1167) (933,1166)
add_way 0x231b084e (960,1121) (958,1137)
add_way 0x231b0850 (952,1126) (953,1124) (949,1117) (946,1107) (942,1102) (942,1100) (942,1094) (944,1092)
add_way 0x231b0851 (948,1129) (948,1125) (939,1120) (935,1119)
add_way 0x231b0853 (791,1164) (789,1164)
add_way 0x231b0854 (737,1218) (735,1220)
add_way 0x231b0855 (789,1164) (793,1156) (796,1151) (802,1144) (816,1124) (824,1118) (838,1104) (849,1098)
add_way 0x25 (849,1098) (853,1096) (853,1095) (853,1094) (851,1095) (849,1098)
add_way 0x24b2016d (1239,181) (1239,180) (1240,178) (1241,174) (1243,171) (1244,168) (1247,164) (1251,161) (1252,159) (1253,157)
add_way 0x25818c23 (631,948) (632,947) (633,946) (634,947)
add_way 0x25818c24 (634,947) (634,948) (634,949) (634,950)
add_way 0x25b3d002 (121,985) (119,981) (122,973) (123,963) (122,960) (111,952) (96,944) (94,939) (88,935) (85,930) (86,927)
add_way 0x25b3d003 (38,1216) (47,1194) (54,1181)
add_way 0x25b3d005 (228,1099) (229,1100) (230,1103) (227,1109) (226,1115) (226,1119) (230,1122) (231,1124) (233,1127) (233,1129) (234,1131) (236,1132) (242,1131) (248,1128) (251,1127) (253,1126)
add_way 0x25b3d006 (391,1012) (396,1006) (404,999)
add_way 0x25b3d007 (404,999) (410,994) (413,992) (416,990) (418,988) (422,985) (424,984) (424,984) (425,982) (426,981) (427,980) (427,979) (427,979) (427,978)
add_way 0x25b3d008 (423,999) (425,999) (429,996) (434,992) (437,990) (440,990) (442,989) (446,982)
add_way 0x25b3d009 (446,995) (445,997) (445,1001) (445,1003) (446,1005) (448,1007) (451,1007) (455,1007) (458,1006)
add_way 0x25eebd8c (460,524) (477,534) (479,535) (481,539) (485,548)
add_way 0x25eebd8d (641,389) (647,384) (656,378)
add_way 0x25eebd8e (669,336) (672,342) (670,347) (667,354)
add_way 0x25eebd8f (667,354) (670,357) (674,367) (674,370) (672,374) (669,379) (666,382)
add_way 0x25eebd90 (699,263) (704,260) (709,259) (717,255) (728,250) (732,251) (734,252) (736,256) (740,260) (743,266) (746,268) (748,268)
add_way 0x25eebd91 (697,186) (698,183) (699,181) (700,178) (702,176) (705,173)
add_way 0x25eebd92 (705,173) (706,171) (706,169) (706,167) (705,163) (703,158) (701,156) (700,155) (698,154) (697,153) (697,151) (697,148) (697,147) (696,142) (694,134) (693,123) (692,118) (692,115) (691,112) (692,108)
add_way 0x25eebd93 (689,97) (688,94) (687,92) (685,88) (684,85) (682,82) (681,80)
add_way 0x26014817 (289,855) (286,857) (284,857)
add_way 0x2604b49e (427,978) (429,977) (430,976) (430,976) (431,976) (431,975) (432,975) (433,974) (434,971) (436,969) (438,966) (439,965) (440,964) (441,963)
add_way 0x2604b4a7 (800,708) (801,711) (810,720) (810,723) (806,730) (806,737) (809,742) (807,747) (800,752) (798,759) (793,764) (796,768) (794,778) (804,779) (814,777) (820,778)
add_way 0x2604b4a8 (826,687) (826,686) (828,682) (829,681) (829,680) (826,679)
add_way 0x2604b4a9 (829,675) (828,676) (828,676) (827,676) (827,677) (826,679)
add_way 0x2604b4ae (1094,753) (1096,756) (1096,758) (1096,762) (1096,763) (1097,763) (1097,764) (1099,764) (1100,765) (1100,766)
add_way 0x2604b4af (1093,752) (1094,753)
add_way 0x2604b4b1 (1055,618) (1055,619) (1055,619) (1055,620) (1058,624)
add_way 0x2604b4b8 (994,606) (993,605) (992,604) (991,604) (991,604) (990,604) (990,604) (989,604) (989,604) (987,605) (985,606) (984,607)
add_way 0x2604b4bf (946,631) (948,631) (951,629) (955,628)
add_way 0x2604b4c0 (921,604) (905,616) (903,615) (904,612)
add_way 0x2604b4c2 (932,588) (934,584) (944,580) (957,570) (964,570)
add_way 0x29bc0369 (697,816) (697,815) (696,815) (696,815) (695,815) (694,815)
add_way 0x29bc036a (694,815) (688,815) (684,820) (676,822) (665,831) (645,840) (629,853)
add_way 0x29bc1f35 (545,817) (547,801) (553,785)
add_way 0x29bc26d6 (545,761) (552,748) (548,745) (548,743) (561,735) (565,730)
add_way 0x29bc4205 (1536,351) (1534,356) (1536,358) (1556,347) (1566,333) (1581,320) (1586,316) (1589,316) (1595,310) (1607,302) (1611,297) (1618,297) (1621,292) (1621,290)
add_way 0x29bc4206 (1545,342) (1542,345) (1536,351)
add_way 0x29bc4207 (1553,321) (1557,323) (1557,326) (1554,331)
add_way 0x29bc4208 (1554,331) (1553,334) (1545,342)
add_way 0x29bc4209 (1548,319) (1553,321)
add_way 0x29bc420a (1442,404) (1448,397) (1456,391) (1467,386) (1472,385) (1477,381) (1482,377) (1486,374) (1492,370) (1496,365) (1500,361) (1526,344) (1529,341) (1537,331) (1542,327) (1545,324) (1546,321) (1548,319)
add_way 0x29bc450c (1376,436) (1376,439) (1376,440) (1377,440) (1386,439) (1390,439) (1394,436) (1401,437) (1405,434) (1410,432) (1416,427) (1425,419) (1430,414) (1436,411) (1442,404)
add_way 0x29bc570e (1340,453) (1355,443) (1369,437) (1374,436) (1376,436)
add_way 0x29bc570f (1295,497) (1308,482) (1316,472) (1323,465) (1328,462) (1333,459) (1340,453)
add_way 0x29bc5710 (1279,507) (1295,497)
add_way 0x29bc5711 (1272,515) (1279,507)
add_way 0x29bc5712 (1268,523) (1272,515)
add_way 0x29bc643b (1226,570) (1230,566) (1234,564) (1237,563) (1239,560) (1250,546) (1252,542) (1253,541) (1256,539) (1260,536) (1263,533) (1268,523)
add_way 0x29bc643c (1218,586) (1226,570)
add_way 0x29bc643d (1109,700) (1116,693) (1128,686) (1133,684) (1136,681) (1140,678) (1144,676) (1148,673) (1152,669) (1155,663) (1158,659) (1159,653) (1161,649) (1164,645) (1171,641) (1184,632) (1197,619) (1201,611) (1205,604) (1212,598)
add_way 0x29bc643e (1212,598) (1218,586)
add_way 0x29c68c3b (595,651) (594,652) (592,653) (589,654) (588,656) (588,658) (587,659) (586,660) (583,662) (581,665) (581,665) (581,665) (581,665) (582,666)
add_way 0x29c68c3c (464,516) (463,521) (460,524)
add_way 0x29c68c3d (626,400) (613,408) (610,409) (596,413) (588,421) (578,426) (567,429) (559,428) (555,429)
add_way 0x29c68c3e (723,135) (727,130) (729,122) (729,114) (729,112)
add_way 0x29c6a02e (1211,6) (1218,10) (1230,6) (1231,9)
add_way 0x29c6a02f (1394,0) (1396,2) (1397,9) (1395,13) (1396,16) (1412,15) (1422,19) (1424,25) (1420,33) (1421,35) (1427,36) (1433,38) (1438,39)
add_way 0x29c6a030 (1438,39) (1451,41) (1459,37) (1464,35) (1468,41) (1476,41) (1487,39) (1494,36) (1498,34) (1507,35) (1512,34) (1518,36)
add_way 0x29c6a031 (1438,39) (1446,27) (1456,20) (1489,5) (1498,0) (1500,0)
add_way 0x29c6a032 (1526,41) (1533,42) (1529,49) (1518,57)
add_way 0x29c6a033 (1518,36) (1526,41)
add_way 0x29c6a718 (1559,184) (1565,189) (1568,194) (1573,195) (1580,193) (1590,194) (1592,196) (1592,199)
add_way 0x29c6b377 (959,789) (967,796) (964,799) (954,804)
add_way 0x29c6b378 (826,821) (836,816) (840,816) (849,812) (865,803) (878,793) (887,792) (903,784) (909,784) (917,778) (925,777) (934,779) (942,785) (959,789)
add_way 0x29c6b379 (817,831) (818,830) (818,828) (821,826) (825,821) (826,821)
add_way 0x29c6b37a (805,864) (805,860) (803,857) (803,854) (803,853) (805,851) (806,850) (808,846) (809,844) (813,841) (814,840) (815,835) (817,831)
add_way 0x29c6b37b (802,877) (803,874) (805,869) (805,864)
add_way 0x29c6b37c (779,892) (784,886) (785,882) (786,880) (789,879) (793,879) (795,879) (798,878) (800,878) (802,877)
add_way 0x29c6b37d (730,915) (738,912) (747,910) (752,908) (757,906) (763,902) (768,901) (774,899) (774,898) (778,895) (779,892)
add_way 0x29c6b37e (725,917) (730,915)
add_way 0x29cbf93a (1292,33) (1296,33) (1298,34) (1300,38) (1302,39) (1306,39) (1311,37) (1317,33) (1325,29) (1331,24) (1339,19) (1341,16) (1343,12) (1343,8) (1345,4) (1353,1) (1355,1) (1357,0)
add_way 0x2fa80e77 (1290,481) (1289,484) (1285,490) (1280,497) (1277,500) (1273,505) (1272,509) (1271,513) (1272,515)
add_way 0x2fb67fb8 (1003,323) (1006,323) (1011,322) (1017,321) (1023,319)
add_way 0x2fb6817b (1149,320) (1150,321) (1151,324) (1152,326) (1154,326)
add_way 0x2fb684d6 (1363,233) (1364,233) (1366,233) (1367,232) (1368,231)
add_way 0x2fbaf4bc (403,53) (443,39) (452,40) (459,49) (459,56) (468,64) (471,73) (477,75) (476,79) (482,81) (502,76)
add_way 0x2fd4c4a7 (573,59) (576,58) (583,64) (582,73) (583,78) (588,86) (601,101) (606,115) (605,118) (601,123) (605,126) (611,126)
add_way 0x2fd4c4a8 (502,76) (520,72)
add_way 0x30298fae (520,72) (573,59)
add_way 0x30864926 (1239,181) (1240,186) (1241,188) (1240,192) (1237,198) (1236,203) (1234,207) (1232,211) (1222,228) (1220,234) (1205,255)
add_way 0x30864927 (1161,158) (1167,157) (1172,158) (1189,160) (1196,162) (1200,162)
add_way 0x310b6e21 (848,504) (850,502) (851,498) (852,495) (855,491) (856,488) (857,487) (858,486) (858,485) (859,485) (859,484) (860,482) (860,481)
add_way 0x34d6daf6 (736,676) (737,675) (738,675) (739,674) (740,674)
add_way 0x34d6daf8 (928,644) (927,644) (925,645)
add_way 0x34d6e2e4 (460,518) (462,518) (463,518) (464,516)
add_way 0x34d6e2e5 (466,513) (466,512) (467,511)
add_way 0x37a581e3 (481,381) (477,388) (476,389) (475,390) (471,393) (469,394) (467,396)
add_way 0x398d24f1 (589,690) (589,691) (589,692) (589,693)
add_way 0x398d7edb (629,852) (628,851)
add_way 0x39f03fbe (593,672) (591,663) (592,656) (595,651)
add_way 0x39f03fc3 (589,687) (590,687) (591,687) (592,687)
add_way 0x39f03fc4 (588,694) (588,695) (588,695) (588,696)
add_way 0x39f03fc5 (589,693) (588,694)
add_way 0x39f03fc6 (588,696) (587,696)
add_way 0x39f03fc8 (568,721) (567,718) (569,713) (579,705) (587,696)
add_way 0x39f03fc9 (569,723) (568,721)
add_way 0x39f03fca (569,723) (569,723) (569,723)
add_way 0x39f03fcb (565,730) (566,729)
add_way 0x39f03fcd (545,766) (545,765)
add_way 0x39f03fcf (552,772) (551,771)
add_way 0x39f03fd0 (551,771) (551,770)
add_way 0x39f03fd1 (551,777) (551,776)
add_way 0x39f03fd3 (545,762) (545,761)
add_way 0x39f05697 (554,781) (554,780)
add_way 0x39f05699 (552,821) (551,821) (549,820)
add_way 0x39f0569c (576,836) (576,833)
add_way 0x39f0569d (577,838) (576,837) (576,836)
add_way 0x39f0569e (631,840) (630,839) (630,838) (629,838) (629,837) (629,835)
add_way 0x39f056a1 (629,853) (629,852)
add_way 0x39f056a2 (628,851) (628,850) (628,850) (628,850) (627,849) (627,849) (627,848) (627,848) (627,846)
add_way 0x39f056a3 (697,818) (697,817) (697,817) (697,816)
add_way 0x39f056a4 (697,819) (697,818)
add_way 0x39f056a5 (699,829) (699,828) (699,825) (699,823)
add_way 0x39f07bbc (689,863) (694,852) (695,847) (700,839) (699,829)
add_way 0x39f07bbd (687,866) (688,863) (689,863)
add_way 0x39f07bbe (682,886) (684,884) (685,882) (686,881) (686,880) (686,879) (686,878) (685,878) (684,877) (684,876) (683,875) (683,874) (684,873) (684,871) (685,870) (686,868) (687,866)
add_way 0x39f07bbf (673,899) (674,898) (674,897) (675,896) (677,893) (677,892) (679,891) (682,886)
add_way 0x39f07bc0 (672,900) (673,899)
add_way 0x39f07bc1 (672,908) (672,907) (671,907) (671,906) (671,903) (671,902) (671,901) (672,901) (672,900)
add_way 0x39f07bc3 (671,911) (672,910) (672,909)
add_way 0x39f07bc4 (665,918) (665,917) (665,916) (666,915) (667,914)
add_way 0x39f07bc5 (667,914) (668,914)
add_way 0x39f07bc6 (639,948) (641,948)
add_way 0x39f07bc7 (641,948) (644,947)
add_way 0x39f07bcc (628,953) (627,954)
add_way 0x39f07bd1 (636,950) (635,950)
add_way 0x39f07bd2 (636,950) (635,950)
add_way 0x39f07bd5 (636,951) (636,950)
add_way 0x39f07bd6 (636,951) (636,950)
add_way 0x3a6bad87 (635,936) (636,936) (637,935) (639,935) (640,932) (640,931) (641,930) (642,930) (644,930) (645,929) (647,928) (648,927) (649,928) (651,928) (655,927) (656,928) (657,928) (658,927) (660,925) (662,925)
add_way 0x3d9e9ced (629,853) (622,861) (599,879)
add_way 0x3ee665c8 (1338,793) (1341,791) (1344,789) (1346,788)
add_way 0x414eab5c (501,917) (502,916) (502,915)
add_way 0x414eab5d (496,927) (498,924) (499,923) (500,921) (500,920) (500,919) (501,917)
add_way 0x414eab5e (501,897) (518,879) (525,877) (530,874) (557,843)
add_way 0x414eab5f (584,883) (579,883)
add_way 0x414eab60 (599,879) (596,881) (593,883) (589,883) (584,883)
add_way 0x414eaf13 (496,927) (483,940) (479,943) (474,946) (470,949) (468,951) (464,958) (462,961) (460,964) (457,967) (455,969) (453,971) (452,972)
add_way 0x414ecf4f (557,843) (558,840) (559,837) (561,833) (563,830) (564,827) (565,825)
add_way 0x414eda2e (523,965) (548,954) (561,945) (572,946) (583,941) (590,943) (598,941) (604,942)
add_way 0x414eda2f (458,1006) (459,1007) (463,1006) (468,1006) (472,1007)
add_way 0x414eda30 (446,982) (447,985) (448,987) (447,989) (447,991) (446,995)
add_way 0x414eda31 (446,982) (451,974) (452,972)
add_way 0x414ef3e1 (630,940) (631,939) (632,938)
add_way 0x414ef3e2 (611,943) (614,942) (615,943) (616,944) (619,944) (622,944) (625,942) (627,942) (630,940)
add_way 0x414ef3e3 (609,943) (610,943) (611,943)
add_way 0x414ef3e5 (604,942) (605,943) (606,943)
add_way 0x414ef3e6 (606,943) (608,943) (609,943)
add_way 0x414ef3e7 (604,942) (605,942) (606,942)
add_way 0x414ef3e8 (634,940) (636,939) (637,938) (638,937) (640,936) (641,935) (642,935) (643,934)
add_way 0x414ef3e9 (458,1006) (493,981) (501,977) (506,972) (518,966) (523,965)
add_way 0x414efb1f (645,937) (643,937) (643,938)
add_way 0x414efb20 (645,937) (646,936)
add_way 0x414efb21 (649,938) (649,937) (648,937) (646,937) (645,937)
add_way 0x414f1f1f (578,967) (577,969)
add_way 0x414f1f22 (577,969) (576,970) (575,971) (575,972)
add_way 0x414f1f24 (606,962) (605,962) (604,962) (603,961) (601,962) (600,962)
add_way 0x414f1f25 (606,962) (606,963)
add_way 0x414f1f26 (623,950) (622,952) (620,953) (619,954)
add_way 0x414f3ca2 (542,984) (541,985) (539,986) (537,987) (536,987)
add_way 0x414f3ca3 (536,987) (500,997) (478,1010)
add_way 0x414f4865 (389,1104) (388,1104) (388,1104) (387,1105) (387,1105) (387,1106)
add_way 0x414f4866 (396,1099) (394,1099) (393,1099) (392,1100) (392,1100) (391,1101)
add_way 0x414f4867 (417,1071) (416,1071) (415,1073) (413,1074) (412,1076) (412,1077) (412,1078) (412,1079)
add_way 0x414f486a (469,1018) (468,1019) (466,1021) (465,1022) (464,1024) (462,1025) (461,1026) (459,1028) (457,1030) (455,1032) (454,1033) (453,1035)
add_way 0x414f486b (478,1010) (477,1010) (475,1011)
add_way 0x414f486c (475,1011) (474,1012) (472,1012) (471,1013) (469,1014) (468,1015) (466,1016) (465,1018) (464,1019) (463,1019)
add_way 0x414f486d (478,1010) (478,1011) (477,1012) (476,1013) (474,1014) (472,1015) (471,1017) (469,1018)
add_way 0x414f486e (412,1079) (412,1080) (411,1082) (410,1083) (410,1085) (410,1087) (409,1088) (407,1089) (405,1091) (403,1092) (402,1093)
add_way 0x414f542d (400,1093) (399,1095)
add_way 0x414f542e (453,1035) (451,1036) (450,1037) (449,1038) (448,1040) (447,1041) (446,1043) (444,1044) (444,1045) (442,1047) (441,1048) (440,1049) (439,1050) (438,1051) (436,1052)
add_way 0x414f5754 (343,1125) (343,1124)
add_way 0x414f5755 (362,1115) (364,1115) (366,1114) (368,1113) (369,1113) (370,1112) (371,1111) (372,1111) (374,1110)
add_way 0x414f6001 (344,1125) (343,1125)
add_way 0x414f6002 (345,1125) (344,1125)
add_way 0x414f6003 (353,1102) (361,1095) (370,1082) (383,1054)
add_way 0x414f737e (397,1024) (402,1022) (406,1023) (409,1026) (415,1029) (409,1048)
add_way 0x414f737f (389,1045) (390,1043) (393,1040) (394,1038) (395,1034) (396,1031) (396,1028) (397,1026) (397,1024)
add_way 0x414f7380 (383,1054) (385,1049) (389,1045)
add_way 0x414f7381 (345,1112) (346,1111) (347,1110) (348,1108) (348,1106) (349,1104) (350,1104) (351,1103) (353,1102)
add_way 0x414f7382 (343,1124) (343,1122) (343,1121) (344,1119) (345,1117) (345,1116) (345,1115) (345,1113) (345,1112)
add_way 0x414f780a (404,999) (409,1001) (413,1002) (418,1000) (423,999)
add_way 0x414f7dd6 (570,832) (569,833) (567,834) (565,835)
add_way 0x414f7dd7 (570,832) (569,831) (568,831)
add_way 0x414f7dd8 (501,897) (500,897) (498,897) (495,898) (494,897) (493,895) (492,893) (491,891) (491,888) (491,886) (491,884)
add_way 0x414f7ef7 (543,984) (544,983)
add_way 0x414f8715 (670,942) (671,941) (671,940) (671,938) (671,937) (671,936)
add_way 0x417ff2a7 (575,830) (578,827) (580,825)
add_way 0x41800972 (697,819) (700,816) (702,813) (705,810) (707,806) (710,802) (712,799)
add_way 0x41800bd6 (705,769) (711,765) (718,761) (724,756) (726,752) (734,745) (734,743) (732,736) (733,732)
add_way 0x4180119d (742,628) (740,628) (736,628) (731,630)
add_way 0x4180119e (695,728) (695,729)
add_way 0x41801b55 (1171,279) (1168,280) (1167,279)
add_way 0x41801b56 (1179,279) (1177,279) (1175,279) (1174,280) (1171,280) (1171,279)
add_way 0x41801b57 (1155,280) (1152,279)
add_way 0x41801b58 (1157,281) (1156,280) (1155,280)
add_way 0x41801b59 (1167,279) (1166,279) (1164,280) (1162,281) (1161,282) (1159,282) (1158,282) (1157,281)
add_way 0x41801b5a (1179,279) (1174,283) (1169,289) (1168,296) (1163,303) (1160,307) (1155,320) (1154,326)
add_way 0x41801de0 (1154,326) (1152,330) (1150,334) (1145,337) (1142,339) (1139,342) (1136,343) (1130,346) (1124,350)
add_way 0x41802009 (1294,284) (1298,283) (1302,282) (1303,282) (1306,280)
add_way 0x4180200a (1203,313) (1210,314) (1218,318) (1238,314) (1243,315) (1255,311) (1260,306)
add_way 0x418029dc (1382,235) (1382,237) (1383,238)
add_way 0x418029dd (1371,230) (1373,231) (1375,232) (1379,233) (1381,233) (1382,235)
add_way 0x41802d82 (1363,233) (1365,231) (1367,231) (1368,231)
add_way 0x41802d83 (1415,196) (1410,202) (1406,209)
add_way 0x41802ed7 (1260,306) (1265,303)
add_way 0x41802ed8 (1265,303) (1276,296) (1283,292) (1285,291) (1287,289) (1289,287) (1290,286) (1292,285) (1294,284)
add_way 0x41802ff8 (1142,320) (1144,319)
add_way 0x41802ff9 (1134,322) (1137,321) (1142,320)
add_way 0x418038d3 (1060,318) (1065,316) (1071,315) (1076,315) (1080,314) (1084,312) (1089,309) (1092,309)
add_way 0x418038d4 (1045,317) (1049,317) (1055,317) (1057,317)
add_way 0x418038d5 (1113,305) (1115,306) (1117,310) (1118,315) (1120,316) (1124,318)
add_way 0x418038d6 (1092,309) (1096,307)
add_way 0x41804a6a (1117,157) (1123,157) (1132,157) (1140,156) (1146,156) (1153,156) (1161,158)
add_way 0x41804c0e (1209,164) (1213,167) (1215,168)
add_way 0x41804c0f (1200,162) (1203,163) (1209,164)
add_way 0x41804fff (1229,184) (1231,184)
add_way 0x41805001 (1236,182) (1237,181) (1239,181)
add_way 0x41805002 (1232,184) (1235,183) (1235,183) (1236,182)
add_way 0x41805003 (1220,181) (1223,182)
add_way 0x41805004 (1210,177) (1212,178) (1218,181)
add_way 0x425d2962 (611,126) (608,130) (604,133) (595,137)
add_way 0x428489db (758,40) (757,40) (757,42)
add_way 0x428c22b5 (951,1174) (952,1174)
add_way 0x428c22b6 (918,1194) (937,1181) (951,1174)
add_way 0x428c26b1 (904,1241) (904,1238) (906,1227) (903,1218) (903,1202)
add_way 0x428c26b2 (904,1242) (904,1241)
add_way 0x44ec1623 (154,694) (147,701) (144,706) (142,719) (140,727) (131,747) (107,788) (73,832) (52,858) (22,882) (7,884) (0,889)
add_way 0x44ec1ea8 (705,383) (677,386) (666,382)
add_way 0x44ec1ea9 (656,378) (646,374) (644,375)
add_way 0x453e110a (1346,480) (1345,482) (1344,484)
add_way 0x45b40ba0 (660,4) (655,6) (653,8) (649,11) (647,12)
add_way 0x45b40ba1 (660,7) (657,8) (654,10)
add_way 0x480d748b (758,40) (765,31) (768,26) (773,23) (779,18)
add_way 0x481240eb (689,97) (688,97) (683,89) (679,81)
add_way 0x4846595e (681,463) (686,460) (699,458) (711,452) (727,443) (732,441) (738,439) (748,436) (754,434) (762,430) (764,428) (767,428) (770,428)
add_way 0x4a461399 (466,212) (476,211) (484,210) (485,210) (487,210) (496,214)
add_way 0x28 (496,214) (498,214) (499,215) (499,215) (499,216) (498,217) (497,216) (497,216) (496,214)
add_way 0x4d19700a (607,649) (606,651) (605,653)
add_way 0x4d19700b (614,121) (613,122)
add_way 0x4d19700c (612,125) (611,126)
add_way 0x4d6037c9 (628,831) (627,830)
add_way 0x4d922d92 (1205,255) (1205,256) (1206,256) (1207,256) (1208,256) (1209,256) (1209,256) (1210,256) (1211,256)
add_way 0x4d922d93 (1211,256) (1211,257) (1212,257)
add_way 0x4d993ca8 (1210,0) (1211,6)
add_way 0x4dec2f2f (1215,168) (1218,165) (1229,159)
add_way 0x4f7101fa (623,950) (623,954) (623,955) (623,955) (624,955) (624,955) (627,954)
add_way 0x510e7c7c (618,612) (619,613)
add_way 0x510e7c7d (619,613) (602,633) (600,643) (595,651)
add_way 0x51161f43 (862,754) (864,754)
add_way 0x5119f238 (788,941) (790,943) (794,943) (800,938) (799,935) (795,933) (791,933)
add_way 0x5119f23f (751,1023) (726,1041)
add_way 0x5119f247 (789,984) (787,986)
add_way 0x5119f248 (786,984) (785,984) (785,985) (785,985) (785,985) (784,986)
add_way 0x5119f249 (789,984) (787,984) (786,984)
add_way 0x5119f24d (791,985) (790,984)
add_way 0x5119f24e (792,983) (791,982) (791,982) (791,982) (791,981)
add_way 0x5119f24f (791,985) (786,990) (786,990) (786,990) (786,990) (786,990) (785,989)
add_way 0x511f3224 (323,843) (324,844) (324,844) (325,844) (325,845)
add_way 0x511f3225 (325,845) (325,844) (328,843) (331,841) (337,838) (341,835)
add_way 0x5120fc91 (427,978) (427,977) (427,977) (426,977) (425,977) (424,976) (422,976) (421,976)
add_way 0x29 (420,976) (421,976)
add_way 0x5120fc93 (417,972) (416,971) (415,971) (414,971) (410,969) (408,968) (408,968) (407,968) (406,968) (405,968) (403,968) (400,969) (399,969) (397,969) (396,969) (396,969) (395,969) (394,969)
add_way 0x5120fc95 (442,976) (443,976) (443,976) (444,976) (445,977)
add_way 0x512de7c1 (628,830) (629,830) (630,830) (630,830) (631,831) (631,831) (631,831) (631,832) (631,832) (631,832) (631,833) (631,833) (631,833) (630,833) (630,834) (630,834) (630,834) (630,834) (630,835) (629,835)
add_way 0x512de7c3 (628,830) (629,830) (630,829) (631,828)
add_way 0x512de7c4 (590,678) (588,678) (587,678) (587,678) (586,677) (584,677) (583,678) (582,678)
add_way 0x512de7c5 (630,618) (629,618) (629,618) (628,618) (627,618) (626,618) (626,618) (625,618) (624,619) (624,619) (623,620) (622,621) (622,621) (621,622) (621,622) (621,623) (621,623) (621,623) (621,623) (625,625)
add_way 0x5166ccb2 (980,641) (977,640)
add_way 0x5166ccb5 (966,683) (965,683) (965,683) (965,683) (964,684) (964,684) (963,685) (963,686) (962,686) (962,687) (960,687) (959,688) (959,688) (958,689)
add_way 0x5166ccca (839,667) (844,663) (845,663) (846,662) (847,661) (848,659) (849,657) (850,656) (850,656) (851,655) (852,654) (855,653) (857,652) (857,652) (858,651) (859,650) (860,649) (862,648) (864,647) (865,647)
add_way 0x5166cccb (839,667) (839,665) (839,664) (839,664) (840,661) (840,661) (840,660) (840,659)
add_way 0x5166ccce (837,674) (836,677) (835,678) (833,680) (833,681) (832,682) (832,682) (830,684) (829,684) (827,686) (826,687)
add_way 0x5166ccd0 (931,606) (934,609) (934,609) (934,610) (934,611) (934,611) (933,612) (933,613) (933,613) (932,613) (931,614)
add_way 0x5166ccd1 (937,604) (938,603) (942,599) (943,597) (944,596) (944,596) (944,595) (945,595) (945,594) (945,594) (946,594) (946,594) (947,594) (947,594) (948,594) (949,595) (951,596)
add_way 0x5166ccd2 (989,618) (977,616) (968,622) (961,625)
add_way 0x5166ccd4 (997,601) (998,600) (998,600) (998,599) (999,598) (1000,598) (1001,597) (1003,596) (1004,595) (1006,594) (1007,593) (1007,592) (1008,591) (1009,590) (1009,590) (1012,588)
add_way 0x517fe843 (1164,781) (1164,780) (1164,780) (1164,779) (1164,779) (1165,778) (1165,778) (1165,778) (1165,778) (1165,777) (1164,776) (1164,776) (1163,775)
add_way 0x517fe844 (1148,781) (1148,780) (1148,780) (1149,779) (1150,778) (1150,778) (1150,777) (1150,776)
add_way 0x517fe845 (1188,711) (1189,710) (1190,710) (1190,709) (1191,709) (1192,709) (1193,709)
add_way 0x517fe846 (1188,711) (1189,711) (1189,712) (1189,712) (1189,714) (1189,714) (1189,714) (1189,714) (1190,715) (1191,715)
add_way 0x517fe847 (1164,728) (1165,727) (1166,727) (1167,727) (1168,727) (1169,727) (1170,727) (1170,727) (1171,727)
add_way 0x517fe849 (1187,696) (1186,695) (1187,694) (1187,694) (1187,693) (1188,692) (1188,692) (1189,691)
add_way 0x517fe84a (1190,697) (1193,695) (1194,695) (1196,694) (1196,694) (1197,694) (1197,693)
add_way 0x517fe84b (1308,725) (1307,726) (1306,726) (1304,727) (1303,728) (1302,729) (1302,730)
add_way 0x517fe84c (1308,725) (1307,724) (1306,724) (1306,724) (1305,725) (1304,725) (1302,726) (1300,727) (1297,728) (1296,729) (1295,729) (1294,730) (1293,730) (1291,731) (1290,732) (1289,732) (1289,733) (1288,733) (1288,735) (1286,738)
add_way 0x517fe84d (1280,720) (1279,720) (1278,720) (1277,720) (1276,720) (1275,720) (1274,720) (1273,720) (1272,720) (1269,721) (1267,722) (1266,722) (1266,722) (1265,722) (1264,721) (1264,720) (1263,720) (1263,718) (1262,717) (1262,716)
add_way 0x517fe84e (1280,720) (1280,719) (1279,718) (1279,717) (1279,716) (1279,714) (1280,712) (1280,711) (1280,711) (1279,710) (1279,710) (1279,709) (1279,709) (1279,709) (1279,708)
add_way 0x517fe84f (1429,749) (1428,749) (1428,748) (1427,748) (1425,748) (1424,748) (1421,749) (1420,749) (1420,749) (1419,748) (1418,748) (1416,747) (1414,745)
add_way 0x518f5ba1 (1081,899) (1082,896) (1082,894) (1083,894) (1083,893) (1083,892) (1085,891) (1087,888)
add_way 0x518f5bbf (938,877) (934,876) (933,876) (933,876) (932,874) (931,873) (930,872)
add_way 0x518f5bcb (946,872) (946,871) (947,871) (947,870) (947,870) (948,868) (948,868) (949,866) (950,864) (952,863) (954,860) (955,859)
add_way 0x518f5bcc (912,891) (910,889) (910,889) (910,889) (910,888) (910,888) (910,888) (912,886) (912,885) (913,883) (914,881) (915,881) (915,881) (918,880)
add_way 0x518f5bcd (986,869) (985,868) (983,866) (982,865) (980,864) (979,863) (978,863) (977,862) (977,862) (975,862) (973,862)
add_way 0x51b518bc (1127,576) (1128,576) (1132,577) (1138,578) (1139,579) (1142,579) (1143,579) (1148,582) (1149,583) (1150,583) (1151,584) (1152,583) (1154,583) (1155,583) (1158,583)
add_way 0x51b518d8 (1001,726) (1024,715) (1047,695) (1075,666) (1108,652) (1125,651) (1133,645)
add_way 0x2b (1133,645) (1133,643) (1133,642) (1133,642) (1133,641) (1134,641) (1135,641) (1135,641) (1135,641) (1136,642) (1135,642) (1135,643) (1134,644) (1133,645)
add_way 0x5226ae94 (1227,155) (1228,153)
add_way 0x5226ae95 (1227,155) (1224,154)
add_way 0x52309996 (522,573) (520,576) (517,580) (515,584) (514,588)
add_way 0x5230a2cf (509,598) (510,596) (510,595) (510,594) (512,591) (512,590) (512,590) (514,589) (514,589) (513,589) (513,589) (514,588)
add_way 0x523446e5 (509,598) (508,599) (507,600)
add_way 0x52795550 (495,608) (496,607) (497,607)
add_way 0x546b0f7b (1067,890) (1067,893)
add_way 0x562d2b29 (933,248) (939,250) (942,256) (955,261) (955,264) (953,268) (937,288) (937,294) (930,308) (924,318) (923,319) (924,321) (925,328) (926,330) (926,332) (926,334)
add_way 0x562d340b (926,334) (928,334) (933,334) (939,333) (947,333) (954,332) (960,330) (965,329) (969,328) (973,325)
add_way 0x562d340d (973,325) (978,325) (982,325) (985,325) (990,324) (996,323) (1000,323) (1001,323) (1003,323)
add_way 0x562d340f (1024,319) (1030,318) (1037,317) (1042,317)
add_way 0x562d3410 (1023,319) (1024,319)
add_way 0x562d3411 (1042,317) (1044,317)
add_way 0x562d3412 (1044,317) (1045,317)
add_way 0x562d3413 (1058,318) (1060,318)
add_way 0x562d3414 (1057,317) (1058,318)
add_way 0x562d3415 (1096,307) (1100,306) (1103,305) (1107,304) (1112,304) (1113,305)
add_way 0x562d3417 (1124,318) (1129,320) (1132,321) (1134,322)
add_way 0x562d3419 (1144,319) (1146,319) (1148,320)
add_way 0x562d341a (1148,320) (1149,320)
add_way 0x562d341b (1154,326) (1167,320) (1170,318) (1180,312) (1183,311) (1186,313) (1202,313) (1203,313)
add_way 0x562d38b4 (1228,183) (1229,184)
add_way 0x562d38b5 (1231,184) (1232,184)
add_way 0x562d38b6 (1218,181) (1220,181)
add_way 0x562d3d4a (731,630) (712,639) (696,639) (692,641)
add_way 0x562d3d4b (692,641) (682,649)
add_way 0x5630aa17 (912,429) (911,431) (908,435) (906,437) (905,438) (903,440) (903,442)
add_way 0x5630aa18 (913,428) (912,429)
add_way 0x56ac9b13 (522,573) (525,572)
add_way 0x31 (1394,1024) (1384,1034) (1372,1043) (1361,1050) (1345,1063) (1337,1072) (1325,1087) (1322,1093)
add_way 0x32 (1322,1093) (1318,1099)
add_way 0x33 (1318,1099) (1304,1130)
add_way 0x34 (1304,1130) (1299,1142)
add_way 0x35 (1299,1142) (1297,1147)
add_way 0x36 (1297,1147) (1295,1151) (1294,1155)
add_way 0x37 (1294,1155) (1291,1161)
add_way 0x38 (1291,1161) (1290,1164) (1286,1178) (1286,1181)
add_way 0x39 (1286,1181) (1283,1194)
add_way 0x3a (1283,1194) (1282,1207)
add_way 0x3b (0,277) (4,277) (11,281) (17,288) (28,294) (58,302) (84,306) (100,322) (124,323) (150,338) (164,354) (179,352) (187,346) (202,341)
add_way 0x3c (202,341) (223,342) (227,343) (232,348) (245,364) (247,369) (250,375) (263,377) (269,384) (274,388) (275,390) (277,394) (279,405) (295,436) (298,441)
add_way 0x3d (298,441) (299,444) (301,447) (301,455) (306,472) (307,477) (308,479) (310,481) (313,482) (317,483) (320,484) (322,489) (322,497) (323,500) (328,505)
add_way 0x3e (328,505) (356,523) (371,533)
add_way 0x3f (605,653) (604,654) (599,662) (594,669) (594,670) (593,672)
add_way 0x40 (593,672) (592,672)
add_way 0x42 (592,672) (591,675) (591,676) (590,678)
add_way 0x43 (590,678) (590,680) (589,684) (589,685) (589,687)
add_way 0x44 (594,512) (634,540) (637,544) (641,557) (649,561)
add_way 0x46 (671,592) (670,593) (669,593) (668,594)
add_way 0x47 (668,594) (665,595) (656,601) (648,606) (644,608)
add_way 0x48 (644,608) (640,610) (638,612) (636,613) (634,614) (633,615) (630,618)
add_way 0x49 (630,618) (628,621) (625,625)
add_way 0x4a (786,984) (784,984) (783,984) (782,984) (781,984) (780,983) (780,983) (779,983) (779,983) (778,983) (775,983) (773,983) (771,983) (770,983) (770,983) (770,982) (769,981) (767,979) (766,978)
add_way 0x4c (656,943) (657,943) (658,944) (659,944) (660,944) (663,943) (664,943) (666,943) (667,943) (668,943) (669,942) (670,942)
add_way 0x4f (903,1202) (887,1206) (860,1216) (855,1220)
add_way 0x50 (855,1220) (852,1222)
add_way 0x51 (354,1273) (353,1261) (345,1256) (310,1253) (301,1249)
add_way 0x52 (190,1273) (185,1266) (164,1260)
add_way 0x53 (164,1260) (158,1260) (151,1261)
add_way 0x54 (656,943) (661,940) (663,939) (664,939) (666,938) (667,937) (671,936)
add_way 0x55 (1283,1194) (1281,1192) (1279,1190) (1275,1189) (1262,1188) (1254,1188) (1251,1187) (1249,1184) (1249,1180)
add_way 0x56 (1249,1180) (1242,1170) (1235,1162) (1233,1154)
add_way 0x57 (1178,1273) (1175,1270)
add_way 0x58 (1637,744) (1635,740) (1633,739) (1595,750) (1582,752) (1563,763) (1551,765) (1519,757) (1504,757) (1498,758) (1488,765) (1481,768) (1472,764) (1466,758)
add_way 0x59 (1466,758) (1464,756) (1463,755) (1461,753) (1460,753) (1459,752) (1459,751) (1458,750)
add_way 0x5a (1458,750) (1457,748) (1457,747) (1456,746) (1454,746) (1453,746) (1452,746) (1451,746) (1450,746) (1446,747) (1443,748) (1440,749) (1438,749) (1436,749) (1434,749) (1430,749) (1429,749)
add_way 0x5b (1429,749) (1428,749) (1427,750) (1426,751) (1424,752) (1424,753) (1423,753) (1422,754) (1421,754) (1420,754)
add_way 0x5d (1420,754) (1419,754) (1418,754) (1418,754) (1417,754) (1417,753) (1415,748) (1414,746) (1414,745)
add_way 0x5e (1414,745) (1413,745) (1412,744) (1401,739) (1399,737) (1398,737) (1397,736) (1394,735) (1392,735) (1389,734) (1389,734) (1384,734) (1380,734) (1377,733) (1374,733) (1371,733) (1367,733) (1365,734) (1363,734)
add_way 0x5f (1363,734) (1361,735) (1360,735) (1359,735) (1355,736) (1352,736) (1351,737) (1350,737) (1346,737) (1344,738) (1339,739) (1337,739) (1334,740) (1329,740) (1328,740) (1327,741)
add_way 0x62 (1732,578) (1723,579) (1714,577) (1709,572) (1681,563) (1655,563) (1648,564) (1643,566) (1610,597) (1562,612) (1549,611) (1522,616) (1512,622) (1493,627) (1483,633) (1467,652) (1460,654) (1438,658) (1429,652) (1421,649)
add_way 0x63 (1421,649) (1414,649) (1387,651)
add_way 0x64 (1387,651) (1372,652) (1365,644) (1369,635)
add_way 0x65 (1732,375) (1729,376) (1725,378) (1704,393) (1701,396) (1698,397) (1696,398) (1695,398) (1678,401)
add_way 0x66 (1678,401) (1664,406) (1657,410) (1619,447) (1589,462) (1579,465) (1565,465) (1563,462) (1559,435) (1549,425) (1542,429) (1530,439) (1526,441)
add_way 0x67 (1526,441) (1516,438) (1508,441) (1500,443) (1486,445) (1473,451) (1452,455) (1446,458) (1441,461) (1435,464) (1432,467) (1424,477) (1420,480) (1412,486) (1403,495)
add_way 0x68 (1403,495) (1369,525) (1365,529) (1360,537) (1355,543) (1349,553) (1336,567) (1325,579) (1323,584)
add_way 0x69 (482,0) (480,13) (475,46) (475,48) (476,58)
add_way 0x6a (476,58) (477,68) (477,70) (476,74) (473,79) (470,82) (452,98)
add_way 0x6b (525,572) (525,573) (525,576) (524,582) (523,586) (520,591)
add_way 0x6c (897,1273) (901,1259)
add_way 0x6d (901,1259) (904,1246) (904,1243)
add_way 0x6f (1732,179) (1720,179) (1719,172) (1716,171) (1709,180) (1703,184) (1694,187) (1683,187) (1676,186) (1662,187) (1646,192) (1632,200) (1618,204) (1608,208) (1604,208) (1595,202) (1591,202)
add_way 0x70 (1591,202) (1560,211) (1555,213)
add_way 0x71 (1555,213) (1553,216) (1544,229) (1536,241)
add_way 0x72 (1536,241) (1520,262) (1501,270) (1479,286) (1464,307) (1452,315) (1423,341) (1396,376)
add_way 0x73 (1396,376) (1395,377) (1395,378) (1395,380) (1396,385) (1396,386) (1396,387) (1395,388) (1395,390) (1394,391) (1387,405)
add_way 0x75 (1387,405) (1363,426) (1326,447) (1303,472) (1290,481)
add_way 0x76 (1290,481) (1266,487) (1248,494) (1235,504) (1220,521) (1198,541) (1172,560) (1165,563) (1147,567) (1127,576)
add_way 0x77 (1127,576) (1125,577) (1124,577) (1123,578) (1122,579) (1117,584) (1114,587) (1112,588) (1111,589) (1107,595) (1105,597) (1104,598) (1103,600) (1101,601) (1099,602) (1090,605) (1080,609) (1061,616) (1058,617) (1055,618)
add_way 0x78 (1055,618) (1053,619) (1052,620) (1050,621) (1049,622) (1042,628) (1040,629) (1039,631) (1035,635) (1022,651) (1018,656) (990,688)
add_way 0x79 (990,688) (980,699)
add_way 0x7a (980,699) (977,704) (975,705) (973,707) (971,708) (961,714) (957,715) (954,716) (952,717) (944,718) (943,718) (941,717) (939,717) (926,714) (925,713) (923,713) (917,709)
add_way 0x7b (917,709) (907,702) (903,699) (901,699) (900,698) (899,698) (895,697)
add_way 0x7c (895,697) (868,694) (864,693) (861,692) (859,691) (858,691) (857,690) (856,688) (855,687) (853,683) (851,681) (850,680) (849,679) (840,675) (839,674) (838,674)
add_way 0x7d (838,674) (837,674)
add_way 0x7e (837,674) (835,674) (830,675) (829,675)
add_way 0x7f (829,675) (829,674) (828,674) (826,673) (825,672) (823,672) (817,671)
add_way 0x80 (817,671) (810,670) (804,672) (785,677) (770,685) (759,684)
add_way 0x81 (759,684) (754,684) (749,687) (742,691) (736,696)
add_way 0x82 (476,58) (492,47) (495,46) (499,46) (514,50) (517,50) (521,49) (540,37) (544,36) (580,29) (583,27) (586,24) (593,13) (593,11)
add_way 0x83 (593,11) (593,7)
add_way 0x84 (298,441) (323,423) (343,410) (345,408) (355,395) (360,380) (365,370) (366,367)
add_way 0x85 (595,137) (593,129) (594,123)
add_way 0x86 (594,123) (586,124) (583,126) (580,131) (577,134) (574,136) (551,146) (541,154) (526,162) (524,162) (514,156) (511,156) (508,156) (496,164) (480,167) (478,168) (461,191) (466,212)
add_way 0x87 (466,212) (458,234) (454,252) (455,257) (453,278) (455,283) (451,293) (445,313) (455,329) (455,344) (443,362) (443,366) (444,368) (453,369) (465,384) (481,381)
add_way 0x88 (481,381) (493,373) (495,370) (498,360) (502,355) (505,348) (507,341) (507,334) (511,324) (511,312) (512,309) (521,296) (523,294) (541,287) (555,284)
add_way 0x89 (667,60) (666,63) (658,69) (655,72) (648,76) (644,79) (641,82) (633,91) (629,97)
add_way 0x8a (1068,24) (1067,23) (1063,25) (1060,25) (1049,17)
add_way 0x8b (775,120) (771,121) (764,126) (754,128)
add_way 0x8c (1240,0) (1237,5) (1234,7) (1231,9)
add_way 0x8d (784,136) (781,135) (779,134) (777,125) (775,120)
add_way 0x8e (775,120) (783,109) (792,101)
add_way 0x8f (1320,69) (1318,66)
add_way 0x90 (1318,66) (1305,64) (1297,59)
add_way 0x91 (1297,59) (1291,54) (1290,52) (1291,38) (1292,33)
add_way 0x92 (930,43) (932,44) (967,82)
add_way 0x93 (967,82) (970,83) (1014,84) (1021,80) (1029,79) (1033,78) (1036,77) (1037,77) (1045,84) (1046,86) (1044,94) (1047,99) (1047,103) (1048,107) (1053,111) (1054,112) (1054,123) (1053,124)
add_way 0x94 (1053,124) (1048,127) (1044,131) (1038,137) (1030,147) (1027,151) (1009,168) (1005,170) (997,172) (991,173) (989,175) (984,181) (979,186) (969,199) (959,209) (944,221) (935,231) (934,234) (933,237) (933,248)
add_way 0x95 (933,248) (932,249) (926,254) (923,256) (908,262) (904,264) (900,268) (898,270) (892,279) (890,281) (881,287) (880,288) (874,295) (865,304)
add_way 0x96 (801,167) (805,164)
add_way 0x97 (731,195) (739,192) (744,190) (748,189) (769,175) (773,171) (774,169) (783,145) (783,139) (784,136)
add_way 0x98 (784,136) (794,126) (797,126) (802,127) (821,118) (827,113) (834,107) (838,104) (849,99) (852,96) (884,67) (891,62) (896,56) (919,45) (930,43)
add_way 0x99 (930,43) (940,34)
add_way 0x9a (809,227) (815,222) (821,209)
add_way 0x9b (799,217) (805,203) (805,198) (809,191)
add_way 0x9c (967,82) (960,90) (944,118) (941,128) (937,133)
add_way 0x9d (758,215) (757,222) (756,229) (754,241) (753,248) (752,252) (751,257) (751,261)
add_way 0x9e (751,261) (749,265) (748,268)
add_way 0x9f (748,268) (743,279) (733,289) (724,301) (732,334) (728,345) (727,357) (724,365)
add_way 0xa0 (724,365) (723,366) (721,368) (720,369) (710,376) (708,378) (706,381) (705,383)
add_way 0xa1 (700,190) (700,191) (699,193) (698,195)
add_way 0xa2 (698,195) (696,200) (692,209) (691,215) (685,221) (684,231) (681,238) (684,244)
add_way 0xa3 (684,244) (685,247) (687,254)
add_way 0xa4 (835,231) (832,231) (825,233) (822,233) (811,229) (809,227)
add_way 0xa5 (809,227) (804,221) (802,219) (799,217)
add_way 0xa6 (681,80) (680,78) (681,76) (681,74) (681,72) (681,69) (680,68) (679,66) (677,66) (673,64) (669,63) (667,60)
add_way 0xa7 (667,60) (666,54) (663,48) (662,45) (662,42) (666,31) (666,29) (664,26) (662,21) (661,18) (661,16) (660,13) (660,7)
add_way 0xa8 (660,7) (660,4)
add_way 0xa9 (729,112) (715,112) (693,109)
add_way 0xaa (749,47) (755,44) (757,42)
add_way 0xab (615,122) (616,122) (617,122) (622,118) (628,113) (638,109) (646,98) (657,88) (664,91) (679,81)
add_way 0xac (1245,895) (1249,899) (1261,907) (1266,907)
add_way 0xad (1266,907) (1280,904) (1286,901) (1299,890) (1306,886) (1325,880) (1334,879)
add_way 0xae (1334,879) (1351,883) (1360,889) (1368,889) (1374,890) (1384,891) (1389,895)
add_way 0xaf (84,1091) (100,1082) (110,1076) (117,1073) (121,1072) (124,1073) (126,1074) (136,1083) (139,1087) (140,1090) (140,1092) (139,1096) (137,1101) (135,1107) (135,1109) (136,1112)
add_way 0xb0 (292,1075) (295,1071) (297,1064) (305,1056) (307,1051) (304,1047) (303,1038) (308,1019) (309,1011) (300,1005)
add_way 0xb1 (300,1005) (298,996)
add_way 0xb2 (298,996) (299,984) (301,971) (300,968) (294,968) (285,962) (279,955) (277,948) (258,946) (253,944) (248,935)
add_way 0xb3 (248,935) (256,918) (273,895) (283,889) (310,859)
add_way 0xb5 (310,859) (310,858) (310,858) (310,858) (310,856) (310,856) (310,856) (309,856)
add_way 0xb8 (309,856) (306,857) (304,857) (298,859) (297,859) (296,859) (295,859) (295,859) (294,859) (293,858) (292,858) (292,857) (290,855) (289,855)
add_way 0xb9 (289,855) (284,850) (282,829) (275,828)
add_way 0xba (275,828) (265,829) (260,830) (257,830) (256,831) (254,831) (254,831) (253,831) (252,831) (251,831) (244,831) (243,831)
add_way 0xbb (164,1260) (166,1251)
add_way 0xbc (952,1174) (969,1162) (977,1160) (995,1158) (1003,1160) (1009,1159)
add_way 0xbd (1009,1159) (1025,1153) (1036,1146) (1042,1143)
add_way 0xbe (1042,1143) (1046,1142) (1062,1142) (1072,1140)
add_way 0xbf (1072,1140) (1102,1132) (1130,1122) (1133,1121) (1137,1121) (1142,1121) (1149,1125) (1168,1135) (1172,1136) (1179,1136) (1183,1137)
add_way 0xc0 (1183,1137) (1199,1135) (1222,1134) (1233,1133)
add_way 0xc1 (1233,1133) (1241,1132) (1248,1130) (1267,1123)
add_way 0xc3 (753,1022) (752,1023) (751,1023)
add_way 0xc5 (301,1249) (301,1246) (293,1234) (291,1227) (281,1222) (279,1217) (281,1212)
add_way 0xc6 (379,1273) (382,1269) (385,1264) (393,1255) (395,1249) (396,1246)
add_way 0xc7 (414,1205) (429,1197) (441,1188) (448,1186) (454,1186) (459,1182) (468,1180) (474,1182)
add_way 0xc8 (918,1194) (919,1191) (920,1180) (924,1172) (927,1167)
add_way 0xc9 (927,1167) (933,1154) (943,1136) (948,1129)
add_way 0xca (948,1129) (952,1126)
add_way 0xcb (952,1126) (960,1121)
add_way 0xcc (960,1121) (968,1116) (981,1105)
add_way 0xcd (981,1105) (990,1098) (1029,1075)
add_way 0xce (1267,1123) (1265,1114) (1261,1110) (1255,1068) (1254,1065) (1251,1064) (1247,1063) (1242,1061) (1240,1059) (1242,1054) (1242,1051) (1241,1046) (1242,1038) (1241,1036) (1237,1033) (1238,1031) (1243,1024) (1244,1020) (1242,1009)
add_way 0xcf (754,1125) (743,1140) (732,1149) (712,1161) (708,1166) (698,1171) (691,1185) (689,1196) (690,1204) (687,1212) (689,1216) (693,1217) (700,1216) (721,1222) (735,1220)
add_way 0xd0 (607,1273) (617,1264)
add_way 0xd1 (617,1264) (622,1259) (634,1245) (636,1238) (634,1234) (635,1229) (633,1227) (629,1227) (631,1215) (630,1211) (634,1205) (626,1199) (621,1198) (614,1197) (611,1195) (609,1190) (599,1186)
add_way 0xd2 (599,1186) (599,1183) (601,1181) (603,1178) (604,1176) (602,1171) (603,1164) (606,1160) (608,1158)
add_way 0xd3 (371,533) (359,549) (358,562) (357,566) (353,572) (355,579) (354,587) (367,595) (376,606) (381,606) (392,603) (408,603) (418,602) (425,606) (426,611) (401,669) (397,673) (378,691)
add_way 0xd4 (378,691) (370,693) (339,689)
add_way 0xd5 (339,689) (328,689) (315,693) (303,690)
add_way 0xd6 (303,690) (293,688) (286,690) (284,693) (280,701) (274,706) (268,707) (248,704)
add_way 0xd7 (248,704) (243,705) (205,726)
add_way 0xd8 (476,838) (465,844)
add_way 0xd9 (465,844) (454,853) (449,856) (444,860) (434,867) (426,863) (416,864) (406,865)
add_way 0xda (520,591) (531,587) (538,588) (541,594) (546,596) (549,600) (568,605) (583,617) (591,616) (606,617) (618,612)
add_way 0xdc (670,595) (670,594) (669,594) (669,594) (668,594)
add_way 0xdd (309,856) (310,855) (311,855) (311,855) (312,855) (314,854)
add_way 0xde (314,854) (320,847) (321,847)
add_way 0xdf (321,847) (323,843)
add_way 0xe0 (465,844) (466,858) (474,862) (482,863) (480,874) (484,878) (492,878) (491,884)
add_way 0xe2 (695,729) (686,734) (670,750) (639,769) (635,772)
add_way 0xe3 (990,688) (993,694) (995,696) (995,697) (995,698) (995,700) (995,701) (994,712) (994,714) (995,715) (995,717) (996,720) (996,721) (998,723) (1000,725) (1001,726)
add_way 0xe5 (917,709) (922,698) (925,680) (919,671) (914,669)
add_way 0xe6 (914,669) (916,663) (923,656) (928,644)
add_way 0xe7 (928,644) (929,642) (930,640)
add_way 0xe8 (930,640) (932,638) (934,636) (936,635) (936,634) (937,633) (937,632)
add_way 0xea (937,632) (937,631) (937,629) (936,627) (936,623) (935,622) (934,620) (933,620) (932,619) (929,618) (927,617) (926,617) (925,616) (925,616) (923,613) (922,611) (921,609)
add_way 0xeb (921,609) (921,607) (921,605) (921,604)
add_way 0xec (921,604) (921,603) (921,602)
add_way 0xed (921,602) (921,601)
add_way 0xef (921,601) (922,598) (922,598) (923,597) (924,596) (928,592) (929,592) (930,590) (931,589) (932,588)
add_way 0xf0 (980,699) (979,698) (977,695) (975,694) (973,693) (973,692) (973,692) (972,690) (971,690) (970,690) (969,689) (968,689) (967,689) (967,689) (967,688) (966,687) (966,687) (966,685) (966,683)
add_way 0xf2 (966,683) (974,668) (981,658) (981,655) (977,650) (977,647)
add_way 0xf3 (977,647) (977,646) (978,645) (979,642) (979,641) (980,641)
add_way 0xf4 (980,641) (983,638) (986,635) (987,633) (988,633) (988,632) (989,631) (989,630) (989,628) (990,625) (991,622) (991,621) (991,620) (990,619) (990,619) (989,618)
add_way 0xf5 (989,618) (988,616) (988,615) (987,613) (987,612) (987,612) (987,612) (987,612) (987,611) (987,611) (989,610) (990,608) (991,608) (991,608) (992,608) (992,607) (993,607) (994,606)
add_way 0xf6 (994,606) (995,606) (995,605) (996,604) (996,604) (997,602) (997,601)
add_way 0xf7 (997,601) (998,601) (998,601) (1001,600) (1002,599) (1003,599) (1003,599) (1004,598) (1005,598) (1007,596) (1009,595) (1009,594) (1010,594) (1010,593) (1011,591) (1012,590) (1012,589) (1012,589) (1012,588)
add_way 0xf9 (895,697) (886,706) (881,717) (870,728) (871,736) (862,747) (862,754)
add_way 0xfa (763,964) (767,958) (774,957) (778,954) (788,941)
add_way 0xfb (788,941) (791,933)
add_way 0xfc (1396,376) (1376,382) (1364,382) (1354,384) (1339,382) (1316,388) (1300,389)
add_way 0xfd (743,620) (751,616) (760,611) (768,610) (774,610) (784,606) (793,604) (823,589)
add_way 0xfe (823,589) (827,586) (840,583) (849,578) (867,570) (875,564)
add_way 0xff (875,564) (884,551) (884,547) (883,545) (875,544) (868,541) (862,531) (859,518) (852,513) (848,504)
add_way 0x102 (1387,405) (1388,411) (1388,416) (1387,420) (1385,426) (1383,430) (1381,432) (1376,436)
add_way 0x103 (1376,436) (1369,442) (1368,444) (1360,455) (1356,463) (1350,471) (1346,480)
add_way 0x104 (1511,549) (1509,544) (1500,542) (1492,542) (1486,541) (1482,536) (1475,536) (1471,537) (1466,541) (1459,545)
add_way 0x105 (1526,441) (1511,454) (1490,470)
add_way 0x106 (1555,213) (1521,208) (1516,208) (1503,211) (1493,221) (1485,226) (1483,226) (1479,225) (1477,226) (1469,229) (1466,230) (1439,226) (1436,226) (1417,235) (1413,236) (1394,236)
add_way 0x107 (1686,0) (1685,1) (1680,5) (1666,12) (1661,16) (1658,18) (1656,23) (1651,43) (1647,50) (1644,60) (1635,71) (1627,84) (1622,92) (1617,96) (1606,102) (1583,112) (1579,115) (1559,135) (1552,140) (1539,144)
add_way 0x108 (1539,144) (1537,144) (1531,144) (1526,143) (1521,144) (1511,147) (1479,165) (1472,169)
add_way 0x109 (1343,48) (1351,53) (1362,54) (1376,61) (1381,62)
add_way 0x10a (1406,209) (1403,213) (1401,214) (1398,215) (1394,217) (1389,221) (1386,224) (1383,225) (1378,227) (1375,229) (1371,230)
add_way 0x10b (1034,1127) (1041,1124)
add_way 0x10c (617,1264) (620,1266) (622,1269) (626,1273)
add_way 0x10d (981,1105) (986,1106) (989,1107) (989,1110) (994,1114) (995,1114) (999,1113) (1004,1113) (1006,1113) (1014,1122) (1017,1122) (1019,1122) (1024,1118) (1025,1118) (1034,1127)
add_way 0x10e (1029,1075) (1032,1063) (1031,1058) (1021,1035) (1023,1028) (1022,1024)
add_way 0x10f (1022,1024) (1020,1021) (1017,1020) (1012,1024) (1007,1027) (1004,1031) (1002,1034) (999,1038)
add_way 0x110 (1067,893) (1047,898) (1035,906) (1026,919) (1018,925) (1007,926) (997,930)
add_way 0x111 (997,930) (989,934) (985,935) (982,937) (979,940) (969,940) (960,942) (954,945) (948,947)
add_way 0x112 (948,947) (938,953) (935,962) (929,969) (927,975) (919,983) (914,986) (912,990) (912,993) (893,1008) (890,1012)
add_way 0x113 (904,1243) (918,1241)
add_way 0x114 (1326,741) (1325,741) (1323,742) (1317,747) (1316,747) (1313,749) (1308,752) (1304,754) (1299,757) (1298,757) (1290,760) (1287,760) (1285,761) (1283,762) (1282,763) (1281,764) (1280,765)
add_way 0x115 (1280,765) (1271,775) (1247,788) (1238,796) (1222,799) (1220,797) (1220,789) (1218,787)
add_way 0x116 (1218,787) (1212,785) (1210,778) (1197,775) (1186,777) (1175,786) (1170,786)
add_way 0x117 (1170,786) (1170,785) (1169,784) (1168,784) (1167,781) (1167,781) (1167,781) (1166,780) (1166,781) (1165,781) (1164,781)
add_way 0x118 (1164,781) (1163,781) (1163,781) (1162,781) (1160,781) (1156,781) (1155,781) (1154,781) (1153,781) (1152,781) (1152,781) (1151,781) (1150,781) (1149,781) (1148,781)
add_way 0x11b (1148,781) (1141,784) (1128,785) (1111,784) (1103,781) (1100,777) (1100,766)
add_way 0x11c (1100,766) (1113,754) (1118,754) (1124,751) (1142,737) (1149,736) (1156,731) (1164,728)
add_way 0x11d (1164,728) (1173,718) (1182,715) (1184,712)
add_way 0x11e (1184,712) (1186,708) (1187,708) (1187,707) (1188,703) (1188,702) (1188,701) (1190,698) (1190,698) (1190,697)
add_way 0x120 (1175,1270) (1173,1273)
add_way 0x121 (1183,1137) (1176,1148) (1173,1157) (1164,1169) (1162,1172)
add_way 0x122 (1242,1009) (1245,1007) (1249,1005) (1261,995) (1266,989) (1273,984) (1280,982) (1285,980)
add_way 0x123 (1285,980) (1290,981) (1300,979) (1312,979) (1316,985) (1321,989) (1326,995) (1333,997) (1343,1007) (1346,1017) (1348,1018)
add_way 0x124 (1420,754) (1396,763) (1376,766) (1361,773) (1346,788)
add_way 0x125 (1471,819) (1470,821) (1466,826) (1463,828) (1456,835) (1449,843) (1440,848) (1429,857) (1425,859) (1415,862) (1413,862) (1406,858) (1401,857) (1400,856) (1402,852) (1401,851) (1400,851) (1397,853)
add_way 0x126 (1466,758) (1462,758) (1459,760) (1456,764) (1453,766) (1449,770) (1447,777) (1445,780) (1441,783) (1435,785) (1431,789) (1424,792)
add_way 0x128 (624,949) (626,948) (628,948) (630,948) (631,948)
add_way 0x129 (758,215) (757,214) (754,213) (753,212) (751,211) (747,209) (740,206) (738,204) (735,202) (734,200) (731,195)
add_way 0x12a (1229,159) (1233,157)
add_way 0x12b (1233,157) (1237,156) (1241,157) (1246,158) (1250,159) (1253,157)
add_way 0x12c (1253,157) (1263,148) (1265,145) (1273,133) (1282,125) (1285,121) (1288,116)
add_way 0x12d (1288,116) (1289,110) (1320,69)
add_way 0x12e (1320,69) (1323,67) (1329,64) (1332,61) (1343,48)
add_way 0x12f (525,572) (537,570) (539,569) (541,568) (542,567) (544,565) (548,559) (552,554) (556,550) (560,546) (563,541) (565,538) (568,534) (572,525) (573,524) (575,523) (576,522) (578,521) (586,517) (594,512)
add_way 0x130 (589,687) (586,686) (583,686) (581,685) (581,685) (581,685) (581,685) (581,684) (581,682) (581,680) (582,678)
add_way 0x132 (656,378) (658,375) (662,368) (662,367)
add_way 0x133 (644,944) (645,942) (646,941) (648,939) (649,938)
add_way 0x136 (662,925) (662,924) (662,923) (662,923) (662,922) (663,920) (663,920) (664,919) (665,919) (665,918)
add_way 0x138 (622,826) (609,835) (603,837) (591,833) (577,838)
add_way 0x13a (653,936) (654,935) (656,934) (657,934) (661,931) (662,930) (662,930) (663,929) (663,928) (663,927) (662,925)
add_way 0x13b (1392,236) (1383,238)
add_way 0x13c (1636,114) (1642,113) (1642,118) (1632,126) (1628,132) (1628,138) (1620,151) (1622,159) (1619,170) (1613,176) (1608,185) (1605,188) (1599,189) (1596,195) (1592,199)
add_way 0x13d (730,690) (730,688) (734,679) (736,676)
add_way 0x13e (736,676) (736,675) (737,670) (736,668) (735,662) (735,657) (738,644) (742,628)
add_way 0x13f (742,628) (743,624) (743,620)
add_way 0x140 (743,620) (740,608) (734,603) (716,594) (674,598) (671,597) (670,595)
add_way 0x142 (921,601) (922,601) (922,601) (923,601) (923,601) (925,602) (927,602) (927,602) (927,602) (928,602) (929,602) (930,602) (930,602) (930,603) (930,604) (930,605) (931,605) (931,606)
add_way 0x144 (1067,893) (1067,895) (1067,896) (1068,896) (1068,897) (1069,898) (1071,900) (1072,901) (1072,901) (1073,901) (1074,901) (1075,901) (1076,901) (1078,900) (1079,900) (1080,900) (1081,899)
add_way 0x145 (1081,899) (1100,896) (1111,887) (1124,886) (1130,887) (1134,892) (1142,896) (1157,895) (1167,897)
add_way 0x146 (1197,891) (1200,893) (1204,895) (1206,895) (1218,891) (1225,890) (1237,892)
add_way 0x147 (903,1202) (902,1187) (882,1189) (863,1177) (837,1179) (824,1172) (818,1163) (786,1155) (784,1147) (771,1138) (764,1137) (764,1132) (754,1125)
add_way 0x148 (754,1125) (747,1120) (741,1118) (737,1110) (719,1105) (726,1090) (737,1078) (738,1070)
add_way 0x149 (738,1070) (747,1051) (746,1038) (753,1022)
add_way 0x14a (786,1166) (789,1164)
add_way 0x14b (54,1181) (60,1171) (65,1163)
add_way 0x14c (65,1163) (71,1157) (74,1150) (75,1145) (75,1139) (74,1135) (74,1127) (73,1123) (73,1121) (75,1116) (81,1104) (82,1100) (84,1094) (84,1091)
add_way 0x14d (84,1091) (86,1078)
add_way 0x14e (86,1078) (86,1071) (88,1064) (100,1037) (102,1032) (107,1022) (108,1019) (109,1014) (113,1010) (113,1009) (114,1006) (115,1003) (118,998) (119,992) (121,989) (121,985)
add_way 0x14f (30,1273) (31,1268) (36,1259) (40,1253) (42,1248) (42,1245) (34,1243) (32,1241) (31,1238) (36,1219) (38,1216)
add_way 0x150 (253,1126) (254,1121) (261,1111) (265,1107) (268,1104) (272,1101) (281,1094) (287,1083) (288,1079) (292,1075)
add_way 0x151 (292,1075) (313,1062) (321,1057) (326,1054) (340,1043) (357,1031) (361,1027)
add_way 0x152 (361,1027) (386,1016) (390,1013) (391,1012)
add_way 0x153 (700,190) (699,190) (698,190) (697,189) (697,188) (697,187) (697,186)
add_way 0x154 (692,108) (691,103) (689,97)
add_way 0x156 (820,778) (823,779) (820,778)
add_way 0x157 (776,729) (778,727) (782,721) (800,708)
add_way 0x158 (800,708) (803,705) (806,702) (808,700) (810,696) (812,695) (813,694) (814,693) (818,691) (819,691) (820,690) (822,689) (823,689) (824,688) (826,687)
add_way 0x159 (937,632) (940,632) (941,631) (945,632) (946,631)
add_way 0x15d (549,820) (548,819) (547,818) (546,818) (545,817)
add_way 0x15f (554,780) (553,780) (552,778) (551,777)
add_way 0x160 (555,429) (553,432) (550,440) (542,454) (538,457) (531,464) (522,471) (512,483) (500,490) (489,502) (486,509) (481,510) (474,509) (470,511) (466,513)
add_way 0x161 (466,513) (465,515) (464,516)
add_way 0x164 (1306,280) (1311,276) (1324,255) (1342,246) (1357,233) (1359,232) (1363,233)
add_way 0x165 (614,121) (615,122)
add_way 0x168 (467,396) (467,397) (466,397) (466,398) (465,398) (465,397) (465,397) (465,396) (466,396) (467,396)
add_way 0x16a (566,729) (567,728) (568,727) (568,726) (569,725) (569,724) (569,723)
add_way 0x16c (551,770) (550,769) (550,769) (549,769) (548,768) (547,768) (545,766)
add_way 0x16e (551,776) (552,775) (552,774) (553,774) (553,774) (553,773) (552,773) (552,772)
add_way 0x171 (545,765) (545,764) (545,762)
add_way 0x172 (553,785) (553,782) (554,781)
add_way 0x176 (576,833) (575,830)
add_way 0x177 (575,830) (575,828)
add_way 0x178 (575,828) (574,827) (574,827) (573,826) (572,826) (570,825) (570,825) (569,825) (568,825) (568,825) (566,825) (565,825)
add_way 0x179 (565,825) (563,825) (563,825) (563,824) (561,822) (561,822) (561,821) (560,820) (560,820) (559,820) (558,820) (557,820) (555,821) (553,821) (553,821) (552,821)
add_way 0x17b (627,830) (624,828) (623,827) (622,826)
add_way 0x17e (699,823) (698,823) (698,821) (698,821) (698,820) (697,819)
add_way 0x17f (672,909) (673,908) (672,908)
add_way 0x181 (636,950) (637,949) (638,949) (639,948)
add_way 0x185 (635,950) (636,950)
add_way 0x186 (599,879) (602,884) (605,883) (606,891) (613,893) (635,913) (632,930) (635,936)
add_way 0x187 (502,915) (503,914) (503,912) (501,911) (500,910) (500,907) (500,905) (500,902) (500,900) (501,897)
add_way 0x188 (611,943) (610,942)
add_way 0x18a (632,938) (635,937) (635,936)
add_way 0x18b (632,938) (633,938) (634,939) (634,940)
add_way 0x18c (577,969) (576,968) (575,968)
add_way 0x18d (619,954) (617,956) (615,958) (614,959) (612,959) (610,960) (610,961) (608,961) (606,962)
add_way 0x18f (624,949) (623,950)
add_way 0x191 (543,984) (542,984)
add_way 0x192 (399,1095) (398,1096) (397,1098) (396,1099)
add_way 0x193 (396,1099) (394,1100) (393,1100) (392,1100) (391,1101)
add_way 0x194 (391,1101) (391,1103) (389,1104)
add_way 0x196 (389,1104) (388,1105) (387,1106)
add_way 0x198 (387,1106) (386,1108) (386,1109) (386,1111) (385,1113) (384,1114) (384,1116) (383,1117) (381,1117) (379,1117) (378,1117) (376,1117) (375,1117) (373,1117) (370,1118) (368,1118) (367,1118) (366,1116) (364,1116) (362,1115)
add_way 0x199 (401,1093) (400,1093)
add_way 0x19b (436,1052) (434,1054) (433,1055) (432,1057) (431,1059) (430,1060) (428,1061) (426,1062) (425,1063) (423,1065) (421,1066) (419,1067) (418,1069) (417,1071)
add_way 0x19c (417,1071) (417,1072) (416,1074) (414,1076) (413,1078) (412,1079)
add_way 0x19d (402,1093) (401,1093)
add_way 0x19e (401,1093) (400,1093)
add_way 0x19f (340,1128) (341,1127) (342,1126) (343,1125)
add_way 0x1a0 (281,1212) (285,1210) (285,1207) (287,1202) (292,1197)
add_way 0x1a1 (292,1197) (301,1185) (301,1175) (298,1167) (309,1155) (322,1145) (326,1139) (340,1128)
add_way 0x1a2 (340,1128) (342,1128) (344,1126) (345,1125)
add_way 0x1a3 (345,1125) (346,1124) (347,1123) (349,1122) (352,1121) (356,1119) (360,1116) (362,1115)
add_way 0x1a4 (391,1012) (392,1014) (393,1014) (395,1015) (395,1017) (395,1020) (395,1022) (396,1024) (397,1024)
add_way 0x1a7 (343,1125) (343,1124)
add_way 0x1a8 (575,828) (573,831) (570,832)
add_way 0x1a9 (542,984) (543,984)
add_way 0x1aa (736,696) (735,697) (714,711) (695,728)
add_way 0x1ab (1205,255) (1202,259) (1188,269) (1183,277) (1179,279)
add_way 0x1ac (1227,183) (1228,183)
add_way 0x1ad (903,1202) (910,1199) (918,1194)
add_way 0x1ae (328,505) (274,568)
add_way 0x1af (274,568) (260,583) (175,671) (163,682) (154,694)
add_way 0x1b0 (666,382) (656,378)
add_way 0x1b1 (693,109) (690,96) (689,97)
add_way 0x1b2 (629,835) (629,834) (628,833) (628,832) (628,832) (628,831)
add_way 0x1b6 (627,846) (628,845) (628,845) (630,842) (630,842) (630,841) (631,840)
add_way 0x1b8 (1212,257) (1213,258) (1214,258) (1214,258) (1215,258) (1216,258)
add_way 0x1ba (770,428) (791,434) (794,436) (796,442) (793,450) (793,453) (802,469) (821,478) (835,475) (838,476) (845,485) (848,486) (860,481)
add_way 0x1bb (860,481) (868,476) (873,472) (878,466) (883,460) (887,455) (891,451) (899,445) (903,442)
add_way 0x1bc (903,442) (910,439) (916,437) (923,436) (933,436) (936,436) (956,429) (979,425) (983,424) (997,416) (1000,414) (1006,408) (1009,406) (1023,396) (1033,393) (1041,388) (1048,383) (1064,376) (1081,367)
add_way 0x1bd (1081,367) (1094,359) (1103,354) (1112,348) (1116,345) (1119,343) (1134,322)
add_way 0x1be (1134,322) (1138,316) (1141,309) (1145,294) (1148,287) (1152,279)
add_way 0x1bf (1152,279) (1155,275) (1154,267) (1155,263) (1156,258) (1159,254) (1163,248) (1167,243) (1174,234) (1180,225) (1186,212) (1189,207) (1194,201) (1199,197) (1201,194) (1205,185) (1210,177)
add_way 0x1c0 (1210,177) (1215,168)
add_way 0x1c2 (766,978) (767,977) (768,976) (768,976) (769,976) (769,975) (770,975) (770,974) (770,974) (771,973) (771,973) (771,972) (772,972) (773,971) (773,971) (774,970) (774,970) (774,969) (775,969)
add_way 0x1c3 (791,984) (789,984)
add_way 0x1c4 (795,979) (795,980) (795,980) (795,980) (795,980) (795,981) (795,981) (795,981) (792,983)
add_way 0x1c5 (792,983) (791,985)
add_way 0x1c6 (321,847) (324,845) (325,845)
add_way 0x1c9 (421,976) (420,977) (419,977) (419,977) (418,977) (418,977) (418,977) (418,977) (418,977) (418,976)
add_way 0x1cb (418,976) (419,976) (419,976) (419,976) (420,976)
add_way 0x1cd (418,976) (417,975) (417,975) (417,974) (417,974) (417,973) (417,972)
add_way 0x1d1 (420,976) (420,975) (420,975) (420,974) (420,973) (419,973) (419,972) (418,972) (417,972)
add_way 0x1d2 (442,976) (442,975) (442,974) (442,974) (442,974) (442,973) (443,973) (443,972) (444,971) (445,970) (446,969) (447,968)
add_way 0x1d3 (427,978) (429,978) (430,978) (431,978) (431,977) (432,977) (433,977) (434,977) (436,977) (437,977) (438,977) (440,976) (441,976) (442,976)
add_way 0x1d4 (628,831) (628,830)
add_way 0x1d6 (838,674) (838,673) (838,673) (838,673) (839,672) (839,671) (839,671) (840,671) (839,670) (839,669) (839,668) (839,667)
add_way 0x1d7 (921,602) (920,602) (920,602) (919,602) (919,602) (918,601) (918,601) (917,601)
add_way 0x1d8 (946,631) (947,632) (947,633) (947,634)
add_way 0x1da (947,634) (947,635) (946,635) (946,636) (946,636) (946,636) (947,636) (947,636) (947,636) (948,636) (948,636) (948,636) (948,635) (948,635) (948,635) (948,635) (948,634) (948,634) (947,634)
add_way 0x1db (1280,765) (1274,764) (1272,764) (1272,764) (1271,764) (1270,764) (1269,764) (1268,765) (1268,765) (1267,765)
add_way 0x1dc (1218,787) (1226,778) (1236,774)
add_way 0x1de (1184,712) (1185,712) (1186,712) (1186,712) (1187,711) (1188,711)
add_way 0x1e1 (1187,696) (1176,706)
add_way 0x1e2 (1319,722) (1316,723) (1311,724) (1310,725) (1310,725) (1309,725) (1308,725)
add_way 0x1e3 (1327,741) (1317,733) (1319,722)
add_way 0x1e4 (1319,722) (1321,714) (1318,711) (1298,713) (1280,720)
add_way 0x1e6 (1233,157) (1227,155)
add_way 0x1e9 (784,990) (785,989)
add_way 0x1ea (785,989) (790,984)
add_way 0x1eb (790,984) (791,984)
add_way 0x1ec (791,984) (792,983)
add_way 0x1ed (792,983) (793,981) (794,980) (795,979)
add_way 0x1ee (795,979) (801,975) (802,974) (803,973) (804,972) (805,972) (805,971) (816,961)
add_way 0x1ef (816,961) (870,916) (896,898) (912,891)
add_way 0x1f0 (912,891) (917,888) (919,887) (921,887) (922,886) (924,886) (925,886) (926,885) (927,885) (934,880) (936,878) (938,877)
add_way 0x1f1 (938,877) (939,875) (941,875) (942,874) (943,873) (945,872) (946,872)
add_way 0x1f2 (946,872) (953,872) (967,871) (969,871) (971,871) (973,871) (976,871) (978,871) (980,871) (982,871) (985,869) (986,869)
add_way 0x1f3 (986,869) (996,870) (1001,875) (1006,877) (1018,875) (1035,876) (1064,885) (1067,890)
add_way 0x1f5 (485,548) (490,561) (492,565) (494,570) (497,572) (499,574) (503,575) (507,575) (522,573)
