add_area 25059352 'pohtionjarvi'  (1189,870) (1188,873) (1190,876) (1194,875) (1195,876) (1196,888) (1197,888) (1198,887) (1201,883) (1198,875) (1200,873) (1200,870) (1208,860) (1207,857) (1223,839) (1225,835) (1224,832) (1226,829) (1226,824) (1233,814) (1236,808) (1235,805) (1232,806) (1228,809) (1225,816) (1224,820) (1220,825) (1217,831) (1212,835) (1209,842) (1203,847) (1191,862) (1188,864) (1182,867) (1175,874) (1171,874) (1164,878) (1162,880) (1160,885) (1160,886) (1165,886) (1166,884) (1171,883) (1176,879) (1181,874) (1185,873) (1187,870) (1189,870)
add_area 29350356 'ruuhijarvi'  (185,1273) (185,1272) (184,1268) (180,1266) (176,1268) (173,1265) (169,1264) (166,1265) (165,1263) (159,1262) (150,1266) (147,1270) (143,1269) (138,1272) (137,1273) (185,1273)
add_area 39233073 'pikku helvetinjarvi'  (679,917) (678,918) (678,918) (678,919) (678,919) (678,920) (678,920) (679,920) (679,920) (679,920) (680,920) (680,920) (681,920) (682,920) (682,919) (683,919) (684,918) (684,918) (685,918) (686,918) (689,917) (690,916) (692,916) (692,915) (693,915) (694,915) (694,914) (695,913) (695,913) (696,912) (696,912) (696,911) (696,911) (696,911) (696,910) (696,910) (695,910) (695,910) (695,910) (694,910) (694,910) (694,911) (693,911) (693,911) (693,911) (692,911) (692,911) (692,911) (691,911) (691,911) (690,911) (690,911) (689,911) (689,912) (688,912) (687,913) (687,913) (686,913) (685,914) (684,914) (684,915) (683,915) (683,915) (682,915) (682,916) (681,916) (681,916) (679,917)
add_area 39233075 'pitka helvetinjarvi'  (704,911) (714,909) (726,900) (749,892) (768,878) (771,873) (775,871) (775,868) (751,881) (742,882) (725,897) (705,905) (702,909) (704,911)
add_area 81102797 'niitoslammit'  (1043,411) (1040,414) (1043,415) (1042,417) (1045,417) (1043,421) (1052,415) (1043,411)
add_area 81102799 'rupalammi'  (714,847) (713,846) (713,846) (712,846) (712,846) (712,846) (712,846) (712,846) (711,846) (711,846) (711,846) (710,846) (710,846) (710,846) (710,847) (710,847) (710,847) (710,847) (709,847) (709,848) (709,848) (709,848) (709,849) (709,849) (710,849) (710,849) (709,850) (709,850) (709,850) (709,850) (710,851) (710,851) (710,851) (710,851) (710,851) (710,852) (711,852) (711,852) (712,852) (712,852) (712,852) (712,852) (713,852) (713,852) (713,852) (713,852) (713,852) (713,852) (713,852) (713,852) (713,852) (713,852) (713,852) (714,853) (714,853) (715,853) (715,853) (716,853) (716,853) (717,853) (717,853) (717,853) (717,852) (717,852) (718,852) (718,851) (719,851) (719,851) (719,851) (719,851) (719,850) (719,850) (719,850) (718,850) (717,849) (717,849) (716,848) (716,848) (714,847) (714,847)
add_area 81102800 'niitoslammit'  (1025,419) (1016,424) (1014,432) (1018,429) (1021,423) (1025,419)
add_area 81102802 'peralammi'  (893,660) (887,665) (879,665) (870,669) (863,675) (861,680) (866,682) (869,681) (885,670) (898,671) (907,668) (911,662) (919,657) (925,649) (925,644) (922,644) (902,657) (893,660)
add_area 81102803 'niitoslammit'  (1028,404) (1027,404) (1027,405) (1026,405) (1026,405) (1025,405) (1025,405) (1025,406) (1025,406) (1026,406) (1027,407) (1027,408) (1027,409) (1028,409) (1028,409) (1028,410) (1028,410) (1028,410) (1029,410) (1029,410) (1029,410) (1029,410) (1029,410) (1029,410) (1030,410) (1030,410) (1030,410) (1030,410) (1031,410) (1031,409) (1032,408) (1032,408) (1032,408) (1033,408) (1033,407) (1033,407) (1033,407) (1034,407) (1034,406) (1035,406) (1035,406) (1035,406) (1036,406) (1036,405) (1036,405) (1036,404) (1036,404) (1036,404) (1036,403) (1036,403) (1036,403) (1036,403) (1036,403) (1036,403) (1035,403) (1035,403) (1035,403) (1034,403) (1034,403) (1034,403) (1034,403) (1034,403) (1033,403) (1033,403) (1033,403) (1032,403) (1032,404) (1031,404) (1031,404) (1030,403) (1030,403) (1030,404) (1029,404) (1029,404) (1029,404) (1029,404) (1028,404) (1028,404)
add_area 81102804 'hietaslammi'  (617,669) (606,681) (594,686) (593,690) (599,690) (605,687) (628,681) (628,679) (625,679) (622,676) (621,668) (617,669)
add_area 81102806 'iso ruokejarvi'  (632,834) (633,835) (633,837) (637,836) (657,818) (661,809) (654,808) (649,810) (642,811) (656,804) (660,800) (660,798) (647,798) (642,804) (628,815) (627,827) (632,828) (632,834)
add_area 81102808 'kuusilammi'  (1122,563) (1123,568) (1133,567) (1140,570) (1143,567) (1141,564) (1142,558) (1136,554) (1127,556) (1124,558) (1122,563)
add_area 81102809 'heinalammi'  (646,864) (637,870) (631,881) (638,875) (646,871) (649,867) (649,864) (646,864)
add_area 81102810 'pikku ruokejarvi'  (719,734) (713,744) (707,746) (705,751) (708,759) (715,760) (722,755) (727,731) (719,734)
add_area 81102812 'ruijonlammi'  (751,708) (747,713) (749,716) (754,718) (760,711) (759,708) (757,708) (754,709) (754,707) (751,708)
add_area 81102813 'iso poikainlammi'  (908,458) (903,464) (903,467) (909,468) (914,463) (916,466) (914,469) (911,469) (908,473) (905,479) (907,486) (902,491) (899,497) (900,509) (898,516) (910,500) (921,492) (922,481) (933,465) (931,459) (926,457) (923,451) (919,451) (908,458)
add_area 81102817 'myllyjarvi'  (617,757) (589,770) (582,775) (577,776) (577,779) (581,781) (591,775) (601,776) (605,774) (619,760) (617,757)
add_area 81102821 'kaakkolammi'  (1040,602) (1068,600) (1073,597) (1063,596) (1058,589) (1052,594) (1046,595) (1041,593) (1037,596) (1037,599) (1040,602)
add_area 81102822 'kylkilammi'  (829,720) (831,723) (834,723) (841,717) (847,708) (846,702) (852,696) (852,694) (849,693) (845,695) (829,720)
add_area 81103319 'pahalammi'  (352,899) (350,899) (349,899) (347,900) (346,901) (345,901) (344,902) (344,902) (343,903) (343,903) (343,904) (343,904) (343,905) (344,906) (344,906) (345,907) (345,907) (345,907) (346,908) (346,909) (347,909) (347,910) (348,910) (349,910) (350,910) (352,910) (353,910) (354,910) (354,910) (355,910) (355,909) (355,909) (356,909) (356,909) (357,909) (357,908) (357,908) (358,908) (358,907) (359,907) (359,906) (359,906) (359,905) (359,903) (360,902) (360,901) (359,901) (359,901) (358,900) (357,900) (357,899) (356,899) (355,899) (354,899) (352,899)
add_area 81103336 'naapurilammi'  (298,836) (296,837) (295,838) (294,839) (293,839) (293,840) (292,841) (292,841) (292,842) (292,843) (292,843) (292,843) (292,843) (292,843) (293,843) (294,843) (295,843) (296,843) (297,843) (297,843) (297,843) (298,843) (298,843) (299,843) (302,843) (303,843) (305,843) (307,842) (308,842) (309,842) (309,842) (310,841) (311,841) (311,841) (311,841) (312,840) (313,840) (313,840) (314,839) (314,839) (314,839) (315,838) (315,837) (315,837) (316,837) (316,836) (316,836) (316,836) (316,833) (316,832) (315,832) (315,831) (314,830) (314,830) (314,830) (313,829) (313,829) (312,830) (311,830) (310,830) (309,830) (309,830) (308,831) (307,831) (306,831) (304,832) (304,833) (303,833) (303,833) (302,833) (302,834) (301,834) (300,835) (298,836)
add_area 81103344 'pikku pirttilammi'  (215,707) (222,703) (231,700) (234,696) (226,692) (226,686) (224,685) (214,689) (210,694) (209,702) (211,709) (215,707)
add_area 81103629 'kolmisoppinen'  (865,406) (864,408) (863,416) (872,410) (871,408) (865,406)
add_area 81103639 'vaha hiedanlammi'  (669,611) (669,611) (669,611) (669,611) (669,611) (669,611) (669,611) (670,611) (670,611) (670,611) (670,611) (670,611) (670,611) (671,611) (671,611) (671,611) (671,611) (671,611) (671,611) (672,612) (672,612) (672,612) (672,612) (672,612) (673,612) (673,611) (673,611) (674,611) (674,610) (674,610) (674,610) (674,609) (674,609) (675,609) (675,609) (675,609) (675,608) (675,608) (675,607) (675,607) (675,607) (675,607) (675,607) (674,607) (674,607) (674,607) (674,607) (673,607) (673,608) (673,608) (673,608) (672,608) (672,608) (672,608) (671,608) (671,608) (671,608) (670,608) (670,608) (670,609) (670,609) (670,609) (670,609) (669,609) (669,609) (669,609) (669,610) (669,610) (669,610) (669,610) (669,610) (669,610) (669,610) (669,610) (669,611) (669,611) (669,611) (669,611)
add_area 81103640 'pitka poikainlammi'  (880,441) (869,447) (870,451) (863,460) (864,463) (862,466) (868,461) (874,450) (884,441) (880,441)
add_area 81109746 'maenalanen'  (1481,186) (1483,181) (1488,176) (1488,174) (1479,170) (1475,180) (1470,185) (1468,188) (1466,189) (1463,201) (1464,204) (1469,206) (1474,213) (1477,212) (1486,195) (1481,186)
add_area 81109749 'pitkajarvi'  (1411,397) (1411,399) (1417,396) (1429,384) (1437,378) (1438,375) (1429,378) (1419,391) (1411,397)
add_area 81109757 'kalalammi'  (1311,632) (1303,646) (1293,655) (1301,652) (1330,635) (1333,629) (1332,625) (1327,624) (1315,626) (1311,632)
add_area 81109758 'ansajarvi'  (1444,629) (1438,637) (1438,641) (1438,645) (1439,647) (1437,652) (1443,654) (1455,648) (1463,646) (1472,640) (1476,631) (1475,630) (1475,628) (1478,627) (1480,626) (1481,624) (1480,623) (1465,627) (1455,628) (1452,626) (1453,623) (1452,621) (1451,621) (1445,624) (1444,627) (1444,629)
add_area 81109759 'ahvenlammi'  (1534,11) (1541,3) (1540,1) (1536,2) (1536,2) (1532,4) (1529,7) (1527,10) (1525,11) (1522,11) (1518,12) (1516,15) (1521,19) (1526,21) (1530,21) (1534,19) (1534,17) (1534,11)
add_area 81109771 'haukilammi'  (1471,267) (1464,280) (1464,283) (1462,286) (1460,291) (1461,291) (1467,289) (1470,284) (1476,282) (1477,279) (1477,277) (1475,277) (1475,274) (1477,269) (1476,265) (1476,259) (1474,253) (1476,248) (1476,246) (1473,246) (1472,249) (1472,254) (1470,257) (1470,261) (1472,263) (1471,267)
add_area 81109772 'koitinlammi'  (1493,507) (1489,507) (1488,509) (1488,512) (1485,518) (1484,521) (1485,522) (1485,526) (1487,528) (1489,525) (1488,522) (1486,521) (1486,519) (1489,515) (1491,513) (1494,513) (1496,511) (1497,508) (1496,506) (1493,507)
add_area 81109776 'vaarajarvi'  (1349,562) (1349,566) (1352,566) (1357,568) (1356,572) (1351,575) (1345,580) (1337,589) (1337,593) (1341,594) (1337,601) (1333,603) (1334,606) (1337,607) (1336,609) (1340,609) (1343,611) (1350,611) (1357,619) (1360,621) (1363,620) (1365,616) (1348,605) (1351,593) (1365,578) (1368,578) (1386,567) (1394,559) (1410,548) (1408,545) (1390,553) (1380,550) (1366,556) (1358,557) (1349,562)
add_area 81109777 '-'  (1190,907) (1193,904) (1196,898) (1195,896) (1196,893) (1196,892) (1195,892) (1191,897) (1188,904) (1183,911) (1184,913) (1181,914) (1181,917) (1186,917) (1190,911) (1190,907)
add_area 81109780 'iso hoyhyjarvi'  (1459,689) (1459,694) (1458,698) (1460,701) (1467,702) (1470,704) (1474,704) (1474,703) (1477,700) (1478,698) (1478,696) (1479,694) (1480,692) (1479,691) (1471,691) (1469,690) (1466,687) (1465,683) (1464,682) (1462,684) (1459,689)
add_area 81109781 'losulammi'  (466,417) (473,411) (474,409) (472,403) (469,404) (468,405) (467,410) (465,417) (466,417)
add_area 81109782 'honkalammi'  (1405,522) (1407,523) (1407,525) (1409,525) (1414,522) (1418,519) (1418,517) (1415,517) (1414,518) (1408,519) (1405,522)
add_area 81109783 'ahvenlammi'  (1287,614) (1286,615) (1286,615) (1285,616) (1285,616) (1284,617) (1284,618) (1283,619) (1282,620) (1280,623) (1279,623) (1276,627) (1275,628) (1275,628) (1274,629) (1274,631) (1273,633) (1273,634) (1273,635) (1273,636) (1273,636) (1274,636) (1274,636) (1276,635) (1277,633) (1278,633) (1279,631) (1282,629) (1285,626) (1286,626) (1286,625) (1287,625) (1288,624) (1290,622) (1291,622) (1291,621) (1292,620) (1292,619) (1293,618) (1294,617) (1294,617) (1294,616) (1293,615) (1293,614) (1291,613) (1291,613) (1290,613) (1289,613) (1289,613) (1287,614) (1287,614)
add_area 81109784 'ylasenjarvi'  (1105,889) (1098,883) (1118,853) (1127,845) (1148,831) (1150,828) (1148,825) (1151,820) (1158,814) (1170,808) (1172,806) (1171,804) (1169,804) (1169,803) (1168,802) (1159,811) (1139,822) (1124,841) (1114,846) (1089,874) (1081,886) (1083,886) (1088,884) (1091,886) (1096,883) (1097,889) (1105,889)
add_area 81112138 'karhulammi'  (824,881) (824,881) (823,882) (822,883) (822,884) (821,884) (821,884) (821,885) (820,885) (820,885) (819,886) (819,887) (819,887) (818,887) (818,888) (818,888) (818,889) (818,889) (818,889) (818,890) (819,890) (819,890) (819,890) (820,890) (820,889) (821,889) (822,888) (822,888) (823,887) (824,887) (824,887) (825,886) (826,886) (826,886) (827,886) (827,885) (828,885) (828,884) (828,884) (828,883) (829,883) (829,883) (828,882) (828,882) (828,882) (828,882) (828,881) (828,881) (828,881) (828,880) (828,879) (828,879) (827,879) (827,879) (827,879) (827,878) (826,878) (826,879) (826,879) (825,879) (824,881)
add_area 81129422 'risujarvi'  (1227,1048) (1230,1044) (1228,1040) (1229,1039) (1228,1034) (1226,1032) (1224,1032) (1224,1031) (1219,1032) (1216,1034) (1216,1036) (1210,1039) (1215,1040) (1220,1049) (1219,1051) (1221,1053) (1227,1048)
add_area 132734741 'pikku kalliojarvi'  (677,0) (676,2) (678,6) (676,8) (674,16) (673,23) (674,32) (676,34) (682,29) (682,25) (680,16) (683,10) (683,3) (681,0) (680,0) (677,0)
add_area 132736032 'taikinalammi'  (642,0) (641,1) (639,5) (637,11) (639,16) (642,17) (645,16) (646,14) (647,13) (647,12) (646,11) (648,1) (649,0) (642,0)
add_area 133199271 'hakojarvi'  (995,29) (1000,33) (1005,33) (1010,37) (1015,37) (1016,32) (1015,31) (1014,28) (1005,18) (1002,18) (998,21) (995,23) (995,29)
add_area 133199272 'hattulammi'  (1114,196) (1116,198) (1106,206) (1111,211) (1113,215) (1120,211) (1128,208) (1132,208) (1134,207) (1127,204) (1122,204) (1119,202) (1125,195) (1125,192) (1117,192) (1113,193) (1114,196)
add_area 133199275 'leppajarvi'  (865,0) (865,0) (864,5) (869,6) (871,4) (873,6) (873,9) (876,11) (877,15) (882,15) (885,13) (887,14) (883,22) (877,24) (874,23) (871,15) (871,12) (869,10) (868,11) (866,22) (863,27) (861,34) (862,37) (881,31) (886,25) (888,18) (891,13) (893,8) (902,0) (865,0)
add_area 133199276 'nurkkajarvi'  (983,149) (984,154) (986,157) (988,161) (991,160) (993,158) (1000,156) (1003,152) (1002,148) (993,144) (983,147) (983,149)
add_area 133199279 'valkoinen'  (1160,153) (1160,155) (1162,155) (1166,152) (1174,150) (1179,147) (1181,143) (1176,145) (1175,144) (1180,137) (1179,130) (1184,125) (1191,122) (1203,108) (1203,104) (1212,95) (1213,89) (1208,88) (1183,112) (1177,122) (1174,131) (1160,153)
add_area 133199280 'valkoinen penkkijarvi'  (909,225) (909,226) (909,227) (909,228) (909,230) (909,231) (910,233) (910,234) (910,234) (910,235) (910,239) (910,240) (910,241) (911,241) (912,242) (912,242) (913,242) (914,242) (915,241) (916,241) (916,240) (918,237) (918,235) (919,231) (919,229) (919,228) (918,226) (918,225) (918,224) (918,223) (917,221) (917,220) (917,219) (917,218) (917,217) (917,217) (916,215) (915,213) (914,213) (914,213) (914,213) (913,214) (912,215) (911,216) (910,219) (910,222) (909,224) (909,225)
add_area 133199325 '-'  (1137,223) (1137,224) (1137,224) (1137,224) (1136,224) (1136,225) (1136,225) (1136,225) (1136,225) (1136,225) (1137,225) (1137,225) (1139,225) (1139,225) (1139,224) (1139,224) (1140,223) (1140,223) (1140,223) (1140,223) (1139,223) (1139,223) (1138,223) (1138,222) (1138,222) (1137,223) (1137,223) (1137,223) (1137,223)
add_area 133199328 '-'  (1084,53) (1082,55) (1083,55) (1085,54) (1087,54) (1089,53) (1090,48) (1089,47) (1086,47) (1085,49) (1084,53)
add_area 133199330 '-'  (954,14) (953,16) (955,17) (956,17) (959,14) (958,12) (956,11) (954,13) (954,14)
add_area 133199334 '-'  (893,247) (892,248) (892,248) (891,248) (891,248) (891,248) (891,249) (891,249) (891,249) (892,249) (892,249) (893,249) (893,249) (893,249) (893,249) (893,249) (894,249) (894,249) (894,249) (895,249) (895,249) (895,249) (896,249) (896,249) (897,249) (898,248) (898,247) (898,247) (898,245) (898,245) (898,245) (898,245) (897,245) (897,245) (895,246) (894,247) (894,247) (893,247)
add_area 133199335 '-'  (1187,11) (1187,12) (1186,12) (1186,12) (1186,12) (1186,12) (1186,12) (1186,12) (1186,12) (1186,13) (1186,13) (1186,13) (1185,13) (1185,14) (1185,14) (1185,14) (1186,14) (1186,14) (1185,15) (1185,16) (1185,17) (1185,17) (1185,17) (1186,17) (1187,18) (1187,18) (1187,18) (1188,18) (1188,18) (1188,18) (1188,17) (1189,17) (1189,16) (1190,16) (1190,15) (1190,15) (1190,14) (1190,13) (1190,13) (1190,12) (1190,11) (1190,10) (1190,9) (1190,9) (1190,9) (1190,8) (1190,8) (1190,8) (1190,7) (1190,7) (1189,8) (1189,8) (1189,8) (1188,9) (1188,9) (1188,9) (1187,10) (1187,10) (1187,11) (1187,11) (1187,11)
add_area 133199336 'pikku-valkoinen'  (1166,119) (1166,119) (1166,120) (1166,120) (1167,121) (1168,122) (1168,121) (1170,121) (1170,121) (1171,120) (1171,120) (1171,118) (1171,118) (1171,117) (1172,116) (1172,115) (1171,115) (1171,115) (1171,115) (1170,116) (1170,116) (1170,116) (1169,116) (1169,116) (1168,116) (1168,117) (1167,117) (1166,118) (1166,119)
add_area 133199337 '-'  (1088,41) (1089,40) (1090,40) (1091,39) (1092,38) (1092,36) (1091,36) (1089,37) (1089,38) (1087,39) (1087,40) (1087,41) (1088,41)
add_area 133284166 'kuivattujarvi'  (1033,281) (1032,281) (1031,281) (1031,281) (1030,281) (1030,282) (1029,283) (1028,284) (1028,285) (1028,285) (1027,285) (1027,285) (1028,286) (1028,286) (1028,286) (1029,287) (1029,288) (1029,288) (1029,289) (1029,290) (1029,291) (1029,291) (1029,291) (1029,292) (1029,292) (1029,292) (1029,292) (1030,293) (1030,293) (1031,293) (1031,293) (1032,292) (1032,292) (1033,292) (1033,292) (1034,292) (1034,292) (1035,291) (1037,291) (1038,290) (1038,290) (1038,289) (1039,288) (1039,287) (1039,286) (1040,285) (1040,285) (1040,284) (1039,284) (1039,283) (1039,282) (1038,282) (1038,282) (1038,282) (1037,282) (1037,282) (1036,281) (1035,281) (1035,281) (1035,281) (1034,281) (1034,281) (1034,281) (1034,281) (1033,281)
add_area 133284168 'musta penkkijarvi'  (863,263) (860,270) (872,277) (875,276) (879,271) (873,267) (872,264) (878,254) (869,263) (865,264) (863,263)
add_area 133284169 'nimetonlammi'  (574,920) (573,927) (577,929) (583,926) (586,925) (589,922) (595,922) (599,920) (595,916) (589,916) (585,913) (582,917) (575,918) (574,920)
add_area 133284204 'kilpilammi'  (961,326) (961,326) (961,327) (961,327) (961,327) (961,327) (961,327) (961,327) (962,327) (962,327) (962,327) (962,328) (962,328) (963,328) (963,328) (964,327) (964,327) (964,327) (964,327) (965,326) (965,326) (965,326) (965,326) (965,326) (965,326) (965,326) (964,326) (964,325) (964,325) (964,325) (963,326) (963,326) (963,326) (962,326) (961,326) (961,326) (961,326)
add_area 133284206 'rontonlammi'  (892,364) (891,365) (891,365) (891,365) (890,366) (890,366) (890,366) (890,366) (891,367) (891,367) (891,367) (892,366) (892,366) (892,366) (893,366) (893,365) (893,365) (893,365) (894,364) (894,364) (893,364) (893,363) (893,363) (893,363) (893,363) (893,363) (893,363) (893,363) (892,363) (892,363) (892,364) (892,364) (892,364)
add_area 133284207 'kirkaslammi'  (1056,352) (1056,352) (1056,352) (1056,352) (1058,353) (1058,353) (1059,352) (1059,352) (1059,351) (1060,351) (1060,350) (1060,350) (1061,350) (1061,350) (1061,350) (1061,349) (1061,349) (1060,349) (1059,349) (1059,349) (1059,349) (1059,349) (1059,349) (1059,349) (1059,350) (1059,350) (1059,350) (1058,350) (1058,350) (1058,351) (1056,352)
add_area 133391829 'kankilammi'  (718,1006) (718,1006) (718,1006) (717,1006) (717,1006) (717,1007) (717,1007) (717,1008) (716,1008) (716,1008) (716,1008) (715,1009) (715,1009) (715,1009) (715,1010) (715,1010) (715,1011) (714,1011) (714,1011) (714,1011) (714,1011) (714,1011) (714,1012) (715,1012) (715,1012) (716,1012) (717,1012) (717,1012) (718,1012) (719,1012) (720,1012) (721,1012) (721,1011) (722,1011) (723,1010) (723,1009) (724,1008) (724,1008) (724,1007) (724,1007) (724,1007) (724,1007) (724,1007) (724,1006) (723,1006) (724,1006) (724,1006) (724,1005) (724,1005) (724,1005) (724,1005) (724,1005) (724,1005) (724,1005) (724,1005) (723,1005) (723,1005) (722,1005) (722,1005) (721,1005) (721,1005) (721,1004) (721,1004) (720,1004) (720,1004) (720,1004) (720,1004) (719,1004) (719,1004) (719,1004) (718,1004) (718,1005) (718,1005) (718,1005) (718,1006) (718,1006)
add_area 133391830 'pyylammi'  (703,974) (710,975) (718,969) (696,970) (703,974)
add_area 133450579 'isonnevanlammit'  (77,1061) (76,1063) (78,1063) (80,1062) (81,1060) (79,1060) (77,1061)
add_area 133450580 'isonnevanlammit'  (83,1056) (85,1056) (87,1056) (89,1054) (88,1053) (84,1053) (83,1056)
add_area 133450588 'saukkolammi'  (93,986) (107,976) (116,966) (113,963) (110,962) (107,964) (103,969) (95,975) (90,981) (93,986)
add_area 133450589 'ulpukkalammi'  (63,1113) (64,1113) (66,1112) (67,1110) (66,1109) (64,1110) (63,1111) (63,1113)
add_area 133492348 'ahvenjarvi'  (83,1174) (87,1178) (90,1187) (91,1194) (93,1197) (100,1197) (102,1199) (105,1201) (109,1199) (112,1196) (114,1188) (112,1186) (106,1185) (105,1182) (99,1180) (98,1176) (92,1171) (89,1168) (85,1168) (82,1171) (83,1174)
add_area 133492350 'iso-auninen'  (242,1096) (242,1099) (239,1100) (240,1101) (242,1101) (244,1098) (243,1097) (243,1095) (246,1094) (250,1093) (252,1090) (252,1088) (252,1084) (252,1081) (254,1079) (252,1078) (255,1076) (258,1077) (263,1074) (267,1070) (273,1067) (277,1065) (279,1062) (278,1057) (277,1056) (277,1053) (276,1053) (273,1054) (275,1049) (277,1047) (276,1046) (270,1049) (264,1051) (261,1055) (255,1064) (252,1073) (249,1077) (245,1080) (245,1081) (240,1091) (239,1094) (242,1096)
add_area 133492351 'kaitajarvi'  (81,1273) (88,1270) (90,1267) (102,1259) (104,1256) (98,1258) (93,1259) (86,1264) (78,1265) (76,1267) (72,1269) (69,1273) (81,1273)
add_area 133492354 'pikku auninen'  (211,1156) (214,1158) (219,1157) (222,1154) (226,1152) (230,1152) (236,1150) (238,1146) (243,1144) (245,1141) (245,1139) (236,1134) (233,1135) (227,1138) (226,1134) (227,1130) (226,1130) (221,1133) (220,1129) (214,1132) (211,1135) (211,1156)
add_area 133492381 '-'  (282,1046) (279,1049) (279,1053) (281,1056) (285,1055) (288,1051) (292,1049) (293,1047) (291,1046) (290,1044) (292,1040) (289,1042) (284,1044) (282,1046)
add_area 133492382 'valkeajarvi'  (260,1005) (260,1004) (257,1003) (256,1002) (253,1001) (252,1002) (247,1001) (243,1002) (242,1004) (238,1006) (236,1008) (234,1009) (233,1010) (233,1013) (229,1015) (224,1016) (222,1018) (219,1019) (218,1019) (217,1021) (216,1025) (215,1032) (218,1036) (224,1036) (226,1038) (223,1041) (224,1043) (226,1044) (228,1042) (238,1046) (240,1044) (244,1043) (249,1039) (254,1040) (256,1036) (258,1037) (256,1042) (264,1044) (266,1044) (267,1042) (270,1040) (273,1039) (275,1037) (278,1035) (279,1034) (278,1032) (279,1029) (278,1030) (275,1028) (274,1025) (274,1024) (277,1024) (283,1021) (283,1019) (275,1021) (271,1019) (270,1020) (269,1017) (270,1014) (275,1013) (277,1008) (277,1008) (278,1007) (277,1007) (277,1005) (277,1004) (276,1004) (275,1001) (270,1005) (265,1005) (262,1006) (260,1005)
add_area 133492387 '-'  (194,1155) (196,1154) (197,1153) (196,1152) (194,1153) (193,1155) (194,1155)
add_area 133492388 '-'  (214,895) (214,895) (214,895) (214,896) (214,896) (214,896) (214,896) (214,896) (215,895) (215,895) (215,895) (215,895) (216,896) (216,896) (216,896) (216,896) (216,895) (216,895) (216,895) (216,895) (217,895) (217,895) (217,895) (217,894) (217,894) (217,894) (217,894) (217,894) (217,894) (217,893) (217,893) (217,893) (217,893) (217,893) (216,893) (216,893) (216,893) (215,893) (215,894) (215,894) (214,894) (214,895) (214,895) (214,895) (214,895)
add_area 133525689 'kalliojarvi'  (928,1021) (930,1023) (946,1015) (961,1009) (968,1009) (981,1003) (989,994) (992,993) (997,985) (997,983) (994,983) (992,985) (988,993) (983,998) (969,1004) (965,1004) (956,1008) (935,1011) (932,1013) (928,1019) (928,1021)
add_area 133525691 'ketvenjarvi'  (425,910) (424,912) (418,917) (414,925) (413,930) (417,929) (419,924) (428,922) (432,923) (439,929) (441,925) (451,917) (446,908) (446,900) (439,901) (435,897) (427,896) (418,891) (416,893) (425,910)
add_area 133525692 'linjalammi'  (800,1020) (798,1024) (798,1027) (799,1027) (801,1025) (807,1014) (816,1007) (817,1004) (818,1001) (821,998) (819,998) (815,1003) (811,1006) (809,1009) (804,1012) (801,1015) (800,1020)
add_area 133525693 'martinjarvi'  (796,1114) (804,1113) (805,1110) (807,1110) (809,1106) (807,1105) (808,1104) (811,1104) (810,1102) (802,1105) (796,1114)
add_area 133525695 'pahatlammit'  (518,1032) (515,1035) (515,1040) (512,1048) (506,1060) (506,1065) (509,1063) (511,1058) (514,1057) (516,1047) (522,1037) (522,1032) (518,1032)
add_area 133525696 'pahatlammit'  (529,1025) (529,1025) (530,1025) (530,1025) (530,1025) (531,1025) (531,1025) (532,1025) (532,1025) (533,1025) (533,1025) (533,1024) (534,1024) (534,1024) (534,1023) (535,1022) (535,1021) (535,1020) (535,1018) (535,1017) (535,1016) (536,1015) (536,1014) (536,1014) (536,1013) (536,1013) (537,1012) (537,1011) (537,1010) (537,1010) (537,1009) (537,1009) (537,1008) (537,1008) (537,1008) (537,1008) (537,1007) (536,1007) (536,1007) (536,1006) (536,1006) (536,1006) (536,1005) (535,1005) (535,1005) (535,1005) (534,1005) (534,1005) (534,1006) (533,1006) (533,1007) (532,1007) (532,1008) (532,1009) (531,1009) (531,1010) (531,1010) (531,1012) (531,1014) (530,1016) (530,1016) (530,1017) (530,1017) (530,1018) (530,1018) (530,1019) (529,1019) (529,1020) (529,1022) (529,1022) (529,1023) (529,1024) (529,1025) (529,1025)
add_area 133525698 'rimpilammi'  (308,1101) (309,1103) (314,1101) (310,1106) (307,1105) (305,1106) (302,1114) (290,1121) (290,1123) (293,1124) (294,1126) (300,1124) (316,1109) (314,1098) (310,1097) (308,1101)
add_area 133525699 'routtulammi'  (528,1109) (532,1109) (538,1109) (549,1104) (551,1100) (549,1097) (536,1099) (527,1103) (526,1105) (528,1109)
add_area 133525700 'rumppulammi'  (322,1217) (319,1221) (321,1222) (324,1220) (327,1213) (327,1210) (322,1212) (322,1217)
add_area 133525701 'sarkilammi'  (329,969) (329,971) (329,972) (330,973) (330,973) (330,974) (331,974) (332,975) (333,976) (334,976) (334,976) (335,976) (335,976) (335,976) (335,977) (335,977) (336,977) (336,977) (336,977) (336,977) (337,977) (337,978) (337,978) (338,978) (338,978) (339,978) (340,978) (340,978) (341,977) (341,977) (342,977) (342,976) (343,974) (344,973) (344,973) (345,972) (345,972) (345,971) (344,971) (344,971) (344,971) (342,970) (342,969) (341,969) (340,969) (340,969) (339,969) (338,969) (337,968) (336,968) (336,967) (335,967) (334,966) (334,965) (333,964) (333,964) (333,964) (332,963) (332,963) (332,963) (331,963) (331,963) (331,963) (331,963) (330,963) (330,963) (330,963) (329,963) (329,964) (329,964) (329,965) (329,965) (329,967) (329,969)
add_area 133525702 'valkoisetlammit'  (629,1011) (622,1017) (626,1018) (628,1021) (620,1026) (619,1028) (625,1032) (629,1027) (634,1024) (636,1018) (632,1016) (629,1011)
add_area 133525703 'valkoisetlammit'  (645,1024) (632,1031) (631,1035) (635,1044) (645,1045) (653,1036) (655,1028) (653,1027) (648,1028) (644,1027) (645,1024)
add_area 133525704 'vuorijarvi'  (381,969) (377,975) (384,974) (398,962) (396,960) (388,967) (381,969)
add_area 133525716 '-'  (281,1269) (283,1271) (285,1270) (287,1266) (283,1265) (280,1267) (281,1269)
add_area 133525717 '-'  (801,1028) (801,1030) (805,1027) (805,1025) (807,1022) (807,1021) (802,1025) (801,1028)
add_area 135439765 'kuuslammi'  (675,1109) (680,1108) (687,1101) (685,1100) (679,1106) (676,1107) (675,1109)
add_area 160386133 'penikka'  (307,844) (307,845) (306,845) (306,846) (306,846) (306,847) (306,847) (306,847) (306,848) (306,848) (306,848) (306,848) (307,848) (307,848) (308,848) (308,848) (308,848) (309,848) (309,847) (310,847) (310,846) (311,845) (311,845) (311,844) (311,844) (310,843) (310,843) (310,843) (309,843) (309,843) (308,844) (307,844)
add_area 160398083 'kuppilammi'  (385,528) (387,530) (392,530) (392,530) (392,529) (394,526) (396,525) (398,525) (397,524) (392,527) (392,528) (390,529) (388,524) (387,523) (386,524) (385,528)
add_area 160398084 '-'  (739,585) (738,589) (740,591) (742,591) (744,589) (745,590) (752,580) (752,578) (749,578) (749,581) (743,588) (739,585)
add_area 160398085 'teerilammi'  (570,556) (570,556) (570,556) (570,556) (571,556) (571,556) (571,556) (571,556) (571,556) (571,556) (571,556) (571,556) (572,556) (572,556) (572,556) (572,555) (572,555) (572,555) (572,555) (572,554) (572,554) (572,554) (572,554) (572,554) (572,554) (571,554) (571,554) (570,553) (570,553) (569,554) (569,554) (569,554) (569,553) (569,553) (569,553) (568,553) (568,553) (568,553) (568,553) (568,553) (568,553) (568,553) (568,554) (568,554) (568,554) (568,554) (568,554) (568,555) (568,555) (569,555) (569,555) (569,555) (569,556) (569,556) (569,556) (570,556) (570,556) (570,556)
add_area 160398087 '-'  (702,666) (702,666) (702,666) (702,667) (702,667) (702,667) (702,667) (702,667) (702,667) (702,667) (702,667) (702,667) (702,667) (703,667) (703,667) (703,667) (703,667) (703,667) (703,667) (703,667) (704,667) (704,667) (704,666) (704,666) (704,666) (704,666) (704,666) (704,666) (704,666) (704,666) (704,666) (704,666) (704,665) (704,665) (704,665) (703,665) (703,665) (703,665) (703,665) (702,665) (702,666) (702,666) (702,666)
add_area 160406452 'pahalammi'  (780,752) (780,752) (780,752) (780,752) (779,752) (779,752) (779,752) (779,753) (779,753) (779,753) (779,754) (779,754) (779,754) (779,755) (779,755) (779,755) (779,755) (780,755) (780,755) (780,755) (780,755) (780,755) (780,754) (781,754) (781,754) (781,754) (781,754) (781,754) (781,754) (781,753) (781,753) (782,753) (782,753) (782,753) (782,753) (782,753) (783,753) (783,753) (783,753) (783,753) (784,752) (784,752) (784,752) (784,752) (784,752) (783,752) (783,752) (783,751) (783,751) (783,751) (783,751) (783,751) (783,750) (783,750) (783,750) (782,750) (782,750) (782,750) (782,750) (782,750) (782,750) (781,750) (781,750) (781,750) (781,750) (781,751) (781,751) (781,751) (781,751) (781,751) (780,751) (780,751) (780,751) (780,751) (780,752) (780,752)
add_area 160406453 '-'  (883,463) (883,463) (883,464) (883,465) (882,465) (882,465) (882,465) (883,466) (883,466) (883,466) (884,466) (884,466) (884,466) (884,466) (884,465) (885,465) (885,464) (886,464) (886,463) (886,463) (886,462) (886,462) (886,462) (886,462) (885,461) (885,461) (884,461) (884,461) (884,461) (884,461) (884,462) (884,462) (884,462) (884,463) (883,463)
add_area 160406457 'teerilammi'  (764,522) (764,522) (764,522) (764,522) (764,523) (764,523) (764,523) (764,523) (764,523) (764,524) (764,524) (764,524) (764,524) (764,524) (765,524) (765,524) (765,524) (765,524) (766,524) (766,523) (767,523) (767,522) (767,522) (767,521) (767,521) (767,521) (767,521) (766,521) (766,521) (766,521) (765,521) (765,521) (765,521) (765,521) (765,521) (764,521) (764,522)
add_area 160406458 'sammakkolammi'  (653,930) (653,931) (653,931) (653,931) (653,932) (653,932) (653,932) (653,932) (653,932) (653,932) (653,932) (653,932) (653,932) (653,932) (654,932) (654,932) (654,932) (654,932) (654,932) (654,932) (655,932) (655,932) (655,932) (655,932) (656,932) (656,932) (656,932) (657,932) (657,932) (657,932) (658,932) (658,931) (659,931) (660,931) (660,930) (660,930) (660,930) (660,930) (660,929) (660,929) (660,929) (660,929) (660,929) (660,928) (660,928) (660,928) (660,928) (660,928) (659,928) (659,928) (659,928) (659,928) (659,928) (658,928) (658,928) (657,928) (657,929) (657,929) (656,929) (656,929) (655,929) (655,929) (655,929) (654,929) (654,929) (654,930) (655,930) (655,930) (655,930) (655,930) (655,930) (654,930) (654,930) (654,930) (654,930) (654,930) (653,930)
add_area 160481202 'pikku-kovero'  (1546,328) (1544,334) (1536,343) (1534,346) (1536,346) (1548,332) (1550,323) (1546,324) (1546,328)
add_area 160498575 'vehkalammi'  (1316,681) (1316,682) (1315,683) (1314,683) (1312,684) (1312,685) (1311,686) (1311,686) (1311,686) (1311,687) (1311,687) (1311,687) (1311,688) (1311,688) (1312,688) (1312,688) (1313,688) (1313,688) (1314,688) (1316,687) (1318,686) (1318,686) (1319,686) (1319,686) (1320,685) (1321,684) (1322,684) (1323,683) (1324,682) (1324,681) (1325,680) (1326,680) (1328,678) (1330,677) (1331,676) (1332,675) (1332,674) (1332,673) (1333,673) (1333,672) (1333,672) (1332,671) (1331,671) (1331,671) (1330,671) (1330,671) (1329,671) (1329,671) (1327,672) (1326,672) (1326,673) (1325,673) (1324,673) (1324,674) (1323,674) (1322,675) (1321,676) (1321,676) (1320,677) (1319,678) (1319,678) (1317,680) (1316,681)
add_area 160498601 'saukkolammi'  (1485,579) (1484,576) (1480,578) (1476,588) (1476,591) (1480,589) (1484,582) (1485,579)
add_area 160501852 'hollonjarvi'  (1591,238) (1581,247) (1579,252) (1583,250) (1591,238)
add_area 160501859 '-'  (1388,142) (1392,141) (1394,139) (1390,138) (1387,140) (1388,142)
add_area 160501860 '-'  (1646,223) (1645,224) (1648,224) (1649,222) (1649,220) (1647,220) (1646,223)
add_area 160501863 'pikkulammi'  (1408,296) (1407,298) (1407,299) (1410,298) (1410,295) (1409,293) (1408,294) (1408,296)
add_area 212762577 'rapalammi'  (530,274) (531,274) (533,276) (533,277) (534,277) (534,276) (535,275) (535,273) (533,272) (532,271) (530,272) (530,274)
add_area 637618190 '-'  (1089,576) (1089,576) (1089,576) (1089,576) (1089,576) (1089,576) (1090,576) (1090,576) (1090,576) (1090,576) (1090,576) (1090,576) (1090,575) (1090,575) (1090,575) (1090,575) (1091,575) (1091,575) (1091,574) (1091,574) (1091,574) (1091,574) (1090,574) (1090,574) (1090,574) (1090,574) (1090,574) (1090,574) (1090,574) (1090,574) (1089,574) (1089,575) (1089,575) (1089,575) (1089,575) (1089,576)
add_area 1115982292 '-'  (1401,411) (1401,411) (1401,411) (1401,411) (1401,411) (1401,411) (1402,411) (1402,411) (1402,411) (1403,411) (1403,410) (1403,410) (1405,408) (1405,407) (1406,406) (1407,405) (1407,405) (1407,404) (1407,404) (1406,404) (1406,404) (1406,405) (1405,405) (1405,406) (1404,406) (1404,407) (1404,407) (1403,408) (1403,408) (1403,409) (1403,409) (1402,409) (1402,410) (1402,410) (1402,410) (1401,411)
add_area 1115982293 '-'  (825,217) (825,218) (827,217) (828,216) (828,215) (826,215) (825,216) (821,218) (821,218) (825,217)
add_area 1359903882 '-'  (393,577) (404,563) (414,561) (413,560) (410,562) (404,562) (403,563) (393,577)
add_area 1359903884 '-'  (497,606) (494,604) (491,605) (486,599) (476,593) (474,583) (470,576) (458,575) (447,569) (445,574) (443,576) (433,580) (432,579) (434,576) (433,574) (425,573) (422,571) (421,568) (413,566) (416,558) (420,553) (418,547) (429,538) (429,534) (434,528) (436,524) (440,522) (443,524) (449,519) (455,519) (449,518) (443,523) (440,522) (434,522) (434,527) (428,535) (428,538) (416,548) (419,553) (414,559) (412,566) (420,569) (420,571) (422,573) (431,575) (432,577) (431,580) (434,581) (446,575) (448,570) (457,575) (469,576) (473,584) (475,594) (485,600) (490,606) (497,606)
add_area 1360059799 '-'  (736,680) (736,686) (732,688) (717,706) (714,706) (708,712) (704,715) (700,714) (698,716) (697,714) (694,714) (693,712) (691,711) (683,715) (675,717) (673,721) (667,724) (663,729) (660,730) (658,731) (656,733) (655,737) (651,739) (641,745) (640,746) (639,750) (636,749) (634,750) (632,753) (628,754) (619,763) (613,765) (619,763) (628,754) (632,753) (634,750) (640,750) (641,745) (655,737) (658,731) (663,729) (667,724) (673,722) (675,718) (682,716) (691,712) (693,715) (696,715) (698,716) (700,715) (703,715) (707,713) (714,707) (718,706) (728,693) (737,686) (736,684) (738,682) (736,680)
add_area 1360059815 'valilammi'  (885,649) (892,653) (892,656) (895,659) (898,657) (897,656) (903,648) (900,644) (890,646) (885,649)
add_area 1360059823 '-'  (548,774) (550,773) (552,771) (558,770) (567,767) (577,776) (578,776) (567,767) (552,770) (548,774)
add_area 1360060441 '-'  (879,645) (879,645) (879,646) (879,646) (879,647) (879,648) (879,648) (879,648) (879,649) (880,649) (880,649) (880,650) (880,650) (880,650) (880,650) (881,650) (881,650) (882,650) (882,650) (883,650) (883,650) (883,650) (883,650) (884,650) (884,650) (885,650) (885,650) (886,650) (885,650) (885,649) (885,649) (886,649) (886,649) (885,649) (885,649) (884,649) (884,649) (884,650) (883,650) (883,650) (883,650) (883,650) (882,650) (882,650) (881,649) (881,649) (881,649) (880,649) (880,649) (880,649) (880,649) (880,648) (880,648) (879,648) (879,648) (879,648) (879,647) (879,647) (880,646) (880,646) (880,645) (880,645) (880,645) (880,644) (880,644) (879,645) (879,645)
add_area 1360084909 '-'  (782,754) (781,754) (781,754) (781,754) (782,754) (782,754) (782,754) (782,754) (782,754) (782,754) (782,754) (782,754) (782,754) (782,754) (782,754) (782,754)
add_area 1360654869 '-'  (862,946) (862,946) (862,946) (862,946) (861,946) (861,946) (861,946) (861,946) (861,947) (861,947) (861,947) (861,947) (861,947) (861,947) (861,947) (861,947) (862,946) (862,946) (862,946) (863,946) (863,946) (863,946) (863,945) (863,945) (863,945) (863,945) (864,944) (864,944) (864,944) (863,944) (863,944) (863,944) (863,944) (863,944) (862,945) (862,946)
add_area 1360863692 '-'  (315,1233) (315,1233) (315,1233) (315,1234) (315,1234) (314,1234) (314,1234) (314,1234) (314,1234) (314,1234) (314,1234) (314,1235) (314,1235) (314,1235) (315,1234) (315,1234) (315,1234) (316,1234) (316,1234) (316,1233) (316,1233) (317,1233) (317,1233) (317,1232) (316,1232) (316,1232) (316,1232) (315,1232) (315,1233) (315,1233)
add_area 1360863772 '-'  (259,1213) (266,1233) (271,1233) (276,1227) (274,1226) (268,1226) (266,1223) (271,1213) (272,1214) (275,1212) (275,1215) (278,1215) (277,1198) (259,1213)
add_area 1360863783 '-'  (426,1179) (425,1180) (428,1182) (431,1183) (432,1184) (428,1188) (429,1190) (428,1188) (432,1184) (431,1182) (428,1182) (426,1179)
add_area 1361116292 '-'  (423,995) (423,995) (423,995) (423,995) (422,996) (422,996) (422,996) (422,996) (422,997) (423,997) (423,997) (423,997) (424,997) (424,996) (425,996) (425,996) (425,996) (425,995) (424,995) (424,995) (424,995) (424,995) (423,995)
add_area 1363328835 'kantola'  (1562,257) (1559,269) (1558,276) (1579,268) (1580,252) (1562,257)
add_area 1363328868 '-'  (1222,466) (1222,466) (1222,467) (1222,467) (1222,467) (1222,467) (1222,467) (1222,467) (1222,467) (1222,466) (1222,466) (1222,466) (1222,466) (1222,466) (1222,466) (1222,466) (1222,466) (1222,466) (1222,466) (1222,466)
add_area 132734783 'iso kalliojarvi'  (696,0) (697,0) (696,6) (700,8) (700,12) (703,14) (706,14) (710,8) (712,7) (714,9) (718,4) (718,0) (696,0)
add_area 81103315 'helvetinjarven kansallispuisto'  (245,864) (244,865) (244,865) (244,865) (243,865) (243,865) (243,866) (242,866) (241,866) (241,867) (241,867) (241,867) (241,867) (241,867) (241,867) (241,867) (242,867) (243,867) (243,867) (243,867) (244,867) (244,866) (245,866) (245,866) (246,866) (247,866) (248,866) (248,866) (248,866) (249,866) (249,865) (250,865) (250,865) (250,865) (250,865) (250,865) (251,865) (252,864) (253,864) (253,864) (254,864) (255,863) (255,863) (255,862) (256,862) (256,862) (256,862) (256,862) (256,862) (256,862) (256,862) (256,862) (256,862) (255,862) (255,862) (255,862) (254,862) (253,861) (253,861) (253,861) (253,861) (252,861) (251,861) (250,861) (250,861) (249,862) (249,862) (248,862) (248,863) (247,863) (247,863) (246,863) (245,864)
add_area 133492389 '-'  (180,910) (180,911) (180,911) (180,911) (180,912) (181,912) (181,912) (181,912) (182,912) (182,911) (182,911) (182,911) (183,911) (183,910) (183,909) (184,909) (184,909) (184,909) (184,908) (184,908) (184,908) (184,908) (183,908) (183,908) (183,908) (183,908) (183,907) (184,907) (184,907) (184,907) (184,907) (183,907) (183,907) (183,907) (183,907) (182,908) (182,908) (182,908) (182,908) (182,908) (181,908) (181,908) (181,909) (180,910) (180,910)
add_area 133492390 '-'  (237,882) (237,882) (237,882) (236,882) (236,882) (235,882) (235,882) (235,882) (235,882) (234,882) (234,882) (234,882) (234,882) (233,883) (233,883) (233,883) (233,883) (233,883) (234,884) (236,885) (236,885) (236,885) (237,885) (237,885) (237,885) (237,885) (237,885) (237,885) (238,885) (238,885) (238,885) (238,885) (238,885) (239,884) (240,884) (240,884) (240,884) (241,884) (241,883) (241,883) (241,882) (241,882) (241,882) (241,882) (240,881) (240,881) (239,881) (239,881) (239,881) (238,881) (238,881) (237,882) (237,882)
add_area 1794149 'niemijarvi'  (267,882) (274,874) (275,868) (275,866) (272,865) (276,862) (280,856) (276,846) (273,844) (264,844) (251,851) (246,851) (244,849) (249,839) (246,837) (223,854) (205,876) (190,886) (179,900) (178,909) (173,913) (171,914) (170,911) (168,912) (167,918) (171,920) (177,918) (181,919) (190,914) (203,901) (213,885) (215,877) (222,871) (232,870) (241,867) (225,884) (225,889) (223,890) (223,889) (219,891) (216,899) (215,900) (214,898) (213,899) (214,901) (210,909) (214,915) (218,913) (236,899) (252,892) (267,882)
add_area 133525715 'helvetinjarven kansallispuisto'  (445,936) (445,936) (445,937) (445,937) (445,937) (445,937) (445,937) (446,938) (447,938) (448,938) (448,938) (448,938) (449,937) (449,937) (449,937) (449,936) (450,935) (450,934) (450,934) (450,934) (450,934) (449,933) (449,933) (449,933) (448,933) (448,933) (448,934) (447,934) (447,934) (446,934) (446,934) (446,935) (445,935) (445,936)
add_area 1794515 'vaha-ketven'  (440,957) (446,964) (450,965) (457,958) (460,952) (467,945) (466,942) (461,942) (461,935) (466,927) (462,918) (459,920) (458,917) (456,917) (449,922) (441,939) (443,942) (440,957)
add_area 637711733 '-'  (391,733) (386,739) (384,747) (373,757) (365,768) (364,780) (368,780) (370,782) (380,780) (391,769) (392,769) (391,771) (392,771) (394,763) (400,760) (403,754) (407,752) (418,754) (419,761) (418,765) (428,761) (446,737) (454,721) (452,720) (391,733)
add_area 1359903913 '-'  (352,817) (352,817) (352,817) (352,817) (352,817) (353,817) (353,817) (353,817) (353,817) (353,817) (353,817) (353,817) (352,817) (352,817) (352,817)
add_area 1359903917 '-'  (483,757) (483,757) (484,758) (484,758) (484,758) (484,758) (484,757) (484,757) (484,757) (484,757) (484,757) (484,757) (484,757) (484,757) (484,757) (483,757)
add_area 1359903918 '-'  (522,602) (522,602) (522,602) (522,602) (522,602) (522,602) (522,602) (522,602) (522,603) (523,603) (523,603) (523,603) (523,603) (523,602) (523,602) (523,602) (523,602) (523,602) (523,602) (523,602) (523,602) (523,602) (522,602)
add_area 81103622 'kulosaari'  (469,745) (456,757) (462,759) (466,753) (469,745)
add_area 81103633 'kettusaari'  (430,767) (423,775) (443,769) (444,766) (442,763) (430,767)
add_area 81103625 '-'  (557,645) (557,645) (557,645) (556,645) (556,646) (556,647) (555,648) (555,648) (554,648) (554,649) (554,649) (554,649) (555,649) (555,649) (556,650) (556,650) (556,651) (556,651) (556,652) (556,652) (556,653) (555,653) (555,653) (556,653) (556,653) (556,653) (556,653) (557,653) (557,653) (557,653) (558,653) (558,653) (558,652) (558,652) (558,651) (559,651) (559,651) (559,651) (559,651) (559,651) (560,651) (560,651) (560,651) (560,651) (561,651) (561,650) (561,650) (562,650) (562,650) (563,649) (563,649) (563,649) (563,648) (564,648) (564,648) (564,648) (564,647) (564,647) (564,646) (564,645) (564,645) (564,645) (564,645) (564,644) (563,644) (563,643) (563,643) (563,643) (563,643) (562,643) (560,644) (560,644) (559,644) (559,644) (559,644) (558,644) (558,644) (558,644) (557,644) (557,645)
add_area 160386139 'soidinsaari'  (487,736) (486,736) (486,737) (485,737) (485,737) (485,738) (485,738) (485,738) (485,738) (485,738) (485,739) (486,739) (486,740) (487,740) (487,740) (487,740) (487,740) (488,740) (488,739) (488,739) (489,739) (489,738) (489,738) (490,737) (491,736) (491,735) (492,735) (492,735) (492,734) (493,734) (493,734) (493,734) (493,733) (493,733) (493,733) (493,733) (493,733) (493,732) (493,732) (493,732) (492,732) (492,733) (492,733) (491,733) (491,733) (490,734) (489,734) (489,735) (488,735) (487,736)
add_area 160386127 '-'  (534,657) (533,657) (533,658) (533,658) (533,658) (533,658) (533,658) (533,658) (533,658) (533,659) (533,659) (533,659) (533,659) (533,659) (533,659) (533,659) (534,658) (534,658) (534,658) (534,658) (534,658) (534,658) (535,658) (535,658) (535,657) (536,657) (536,657) (536,656) (536,656) (537,655) (537,655) (537,655) (537,655) (538,655) (538,655) (538,655) (538,654) (538,654) (538,654) (538,654) (538,654) (537,655) (537,655) (537,655) (537,655) (536,656) (536,656) (536,656) (536,656) (535,656) (535,656) (534,656) (534,657) (534,657)
add_area 160386140 'koppisaari'  (507,629) (507,629) (506,630) (506,630) (506,630) (506,631) (506,632) (505,632) (505,632) (505,633) (505,633) (505,633) (505,634) (505,634) (505,634) (505,634) (505,634) (505,634) (505,634) (505,634) (505,634) (505,634) (506,634) (506,634) (506,635) (506,635) (506,635) (506,635) (506,635) (506,635) (506,635) (506,635) (506,635) (507,635) (507,635) (507,635) (507,635) (507,634) (507,634) (507,634) (507,634) (507,634) (507,634) (507,634) (508,634) (508,634) (508,634) (508,633) (508,633) (508,633) (508,633) (508,633) (509,633) (509,632) (509,632) (510,632) (510,632) (510,631) (510,631) (511,630) (511,630) (511,629) (512,629) (512,628) (512,628) (511,628) (511,628) (511,628) (510,628) (510,628) (509,628) (509,628) (509,628) (508,629) (508,629) (507,629) (507,629)
add_area 160386134 '-'  (484,642) (483,642) (483,643) (483,643) (483,643) (483,643) (483,643) (483,643) (484,643) (485,643) (485,643) (485,643) (485,643) (486,642) (486,642) (486,641) (486,641) (486,641) (486,640) (486,640) (485,640) (485,640) (485,641) (484,641) (484,642) (484,642)
add_area 160386135 '-'  (537,635) (536,636) (536,636) (536,636) (536,636) (536,636) (536,636) (537,636) (537,636) (537,636) (538,635) (538,635) (538,635) (538,635) (539,634) (539,634) (539,634) (538,634) (538,634) (538,634) (538,634) (537,634) (537,634) (537,634) (537,635) (537,635) (537,635) (537,635) (537,635)
add_area 160386132 '-'  (431,805) (431,805) (431,806) (431,806) (431,806) (431,806) (431,806) (431,806) (431,806) (432,806) (432,806) (432,806) (432,806) (433,805) (433,805) (433,805) (433,805) (433,804) (433,804) (433,804) (433,804) (433,804) (433,804) (433,803) (433,803) (433,803) (433,803) (433,803) (433,803) (433,803) (433,803) (432,803) (432,803) (432,803) (432,803) (432,803) (432,804) (432,804) (432,804) (431,804) (431,804) (431,804) (431,805) (432,805) (432,805) (431,805) (431,805) (431,805)
add_area 160386128 '-'  (376,788) (376,788) (376,789) (376,789) (376,789) (376,789) (376,789) (376,788) (377,788) (377,788) (377,788) (377,788) (377,787) (377,787) (377,787) (377,787) (376,787) (376,787) (376,788) (376,788) (376,788)
add_area 160386129 '-'  (375,784) (375,784) (375,785) (375,785) (375,785) (375,785) (375,785) (376,785) (376,785) (376,785) (377,784) (378,783) (378,783) (378,783) (378,783) (378,783) (377,783) (377,783) (377,783) (376,783) (376,784) (376,784) (375,784) (375,784)
add_area 371547855 '-'  (510,806) (509,806) (509,807) (509,807) (509,807) (510,807) (510,807) (510,807) (511,807) (511,807) (511,807) (512,807) (512,806) (512,806) (512,806) (512,805) (512,805) (512,805) (511,805) (511,805) (511,805) (510,805) (510,805) (510,806) (510,806)
add_area 371547856 '-'  (512,783) (512,783) (511,783) (511,784) (511,784) (512,784) (512,784) (512,784) (512,785) (511,785) (511,785) (511,785) (511,785) (511,785) (511,785) (512,785) (512,786) (512,786) (512,786) (513,786) (513,786) (513,786) (513,786) (514,785) (514,785) (514,785) (515,785) (515,785) (515,784) (516,784) (516,783) (516,783) (516,782) (516,782) (516,781) (516,781) (516,780) (516,780) (515,780) (515,780) (515,780) (515,780) (515,781) (514,781) (514,781) (514,781) (513,781) (513,781) (512,781) (512,781) (512,781) (512,781) (511,782) (511,782) (511,782) (511,782) (511,782) (511,782) (511,782) (511,782) (511,782) (511,783) (511,783) (511,783) (511,783) (512,783) (512,782) (512,783) (512,783) (512,783)
add_area 1359903945 '-'  (539,632) (539,632) (539,632) (539,632) (539,633) (539,633) (539,633) (539,633) (540,633) (540,633) (540,633) (540,633) (540,633) (540,632) (540,632) (540,632) (540,632) (540,632) (540,632) (540,632) (539,632)
add_area 1359903906 '-'  (454,744) (454,744) (453,744) (453,745) (453,745) (454,745) (454,745) (454,745) (454,745) (454,745) (454,745) (454,744) (454,744) (454,744) (454,744)
add_area 1359903908 '-'  (444,755) (444,755) (444,755) (444,755) (444,755) (445,755) (445,755) (445,755) (445,755) (445,755) (444,755) (444,755) (444,755) (444,755)
add_area 1359903907 '-'  (451,759) (451,759) (451,759) (451,759) (451,759) (451,759) (451,759) (452,759) (452,759) (452,759) (452,759) (452,758) (452,758) (452,758) (452,758) (452,758) (452,758) (452,758) (451,758) (451,759)
add_area 1359903876 '-'  (473,668) (473,668) (473,668) (473,669) (473,669) (473,669) (473,669) (473,669) (473,669) (473,669) (473,669) (474,669) (474,669) (474,669) (474,668) (474,668) (474,668) (473,668) (473,668) (473,668)
add_area 2146212 'haukkajarvi'  (391,721) (347,776) (345,813) (353,815) (342,825) (343,834) (353,845) (367,843) (363,849) (370,850) (371,863) (389,839) (410,838) (416,830) (410,825) (436,811) (447,795) (459,802) (494,797) (483,820) (504,815) (514,847) (481,844) (470,854) (474,861) (489,860) (486,872) (498,874) (510,852) (530,846) (549,823) (520,828) (510,818) (516,807) (552,783) (547,779) (551,775) (539,774) (540,767) (496,780) (489,770) (492,748) (509,733) (535,729) (544,717) (533,711) (570,695) (586,648) (610,619) (573,637) (567,630) (549,645) (542,639) (559,625) (548,610) (537,612) (544,597) (534,599) (538,590) (520,593) (516,605) (499,601) (491,626) (468,648) (484,651) (464,683) (422,715) (391,721)
add_area 81103327 'iso pirttilampi'  (303,708) (305,708) (306,705) (304,703) (300,699) (303,697) (301,696) (297,698) (296,697) (296,696) (292,693) (289,696) (290,703) (289,706) (290,708) (287,712) (281,715) (283,720) (291,722) (293,720) (294,721) (295,724) (303,722) (307,717) (321,715) (324,712) (310,707) (308,709) (303,709) (303,708)
add_area 160386143 '-'  (293,715) (293,716) (296,719) (300,719) (304,718) (305,713) (302,710) (296,712) (293,715)
add_area 160406455 '-'  (506,989) (506,990) (506,990) (506,990) (506,990) (506,990) (506,990) (507,990) (507,990) (507,990) (507,990) (507,990) (508,990) (508,990) (508,990) (508,990) (508,990) (508,989) (509,989) (509,989) (509,989) (509,989) (509,989) (508,988) (508,988) (508,988) (507,988) (507,989) (507,989) (507,989) (507,989) (507,989) (507,989) (506,989) (506,989)
add_area 2146436 'iso helvetinjarvi'  (344,1122) (377,1109) (380,1111) (384,1110) (385,1104) (390,1102) (396,1094) (408,1087) (414,1072) (441,1048) (447,1037) (461,1021) (470,1012) (488,1004) (494,996) (498,995) (502,996) (516,991) (524,990) (540,985) (560,973) (571,970) (576,966) (586,967) (596,962) (610,960) (618,954) (621,949) (626,947) (630,948) (635,943) (631,941) (621,945) (586,952) (571,958) (557,961) (542,967) (533,975) (512,979) (494,990) (477,997) (472,1002) (472,1007) (470,1008) (461,1014) (448,1026) (428,1039) (418,1049) (410,1052) (409,1049) (406,1050) (400,1057) (391,1059) (385,1064) (369,1089) (348,1112) (344,1122)
add_area 81102801 'kontaslammi'  (770,561) (770,565) (764,577) (765,581) (773,575) (775,568) (786,565) (793,556) (799,551) (801,541) (814,524) (813,520) (809,521) (807,518) (805,519) (802,523) (802,529) (798,535) (798,538) (791,542) (770,561)
add_area 160406460 '-'  (800,535) (800,535) (800,535) (800,535) (800,535) (800,535) (801,535) (801,535) (801,534) (801,534) (802,534) (802,534) (802,534) (802,534) (802,533) (803,533) (803,533) (803,532) (803,532) (803,532) (802,532) (802,533) (802,533) (801,533) (801,533) (800,534) (800,534) (800,535) (800,535) (800,535)
add_area 1361480983 '-'  (800,533) (799,534) (799,534) (799,534) (799,534) (799,534) (799,534) (800,534) (800,534) (800,534) (801,533) (801,532) (801,532) (802,532) (802,532) (802,531) (801,531) (801,532) (801,532) (800,532) (800,532) (800,533)
add_area 160481218 '-'  (1243,406) (1243,406) (1243,406) (1243,406) (1243,406) (1243,406) (1244,406) (1244,406) (1244,406) (1244,406) (1244,405) (1245,405) (1245,405) (1245,405) (1245,405) (1245,404) (1245,404) (1244,404) (1244,404) (1244,404) (1243,404) (1243,404) (1243,404) (1243,405) (1243,405) (1243,406)
add_area 160481204 '-'  (1200,444) (1200,444) (1200,444) (1200,444) (1200,444) (1201,444) (1201,444) (1201,444) (1201,444) (1201,444) (1201,444) (1202,444) (1201,444) (1201,444) (1201,444) (1201,444) (1201,444) (1201,444) (1201,444) (1201,444) (1201,444) (1201,444) (1201,444) (1200,444) (1200,444) (1200,444)
add_area 160481213 '-'  (1176,456) (1176,456) (1175,456) (1175,456) (1175,456) (1175,456) (1175,456) (1175,457) (1175,457) (1175,457) (1175,457) (1175,456) (1176,456) (1176,456) (1177,456) (1177,456) (1178,455) (1178,455) (1179,454) (1179,454) (1179,454) (1179,454) (1179,454) (1179,454) (1178,454) (1178,454) (1178,454) (1178,454) (1178,454) (1178,454) (1178,454) (1178,454) (1178,454) (1177,454) (1177,454) (1177,455) (1176,455) (1176,456)
add_area 160481223 '-'  (1173,462) (1173,462) (1173,462) (1173,462) (1173,463) (1173,463) (1173,463) (1173,463) (1174,463) (1174,463) (1174,463) (1174,463) (1174,463) (1174,463) (1174,463) (1174,462) (1174,462) (1175,462) (1175,462) (1175,461) (1175,461) (1175,461) (1175,461) (1175,461) (1175,461) (1175,461) (1174,461) (1174,462) (1174,462) (1174,462) (1174,462) (1174,462) (1173,462) (1173,462)
add_area 160481215 '-'  (1181,477) (1181,477) (1181,477) (1182,476) (1182,476) (1182,476) (1182,476) (1183,476) (1183,476) (1183,476) (1182,476) (1182,476) (1182,476) (1182,476) (1182,476) (1182,476) (1182,475) (1181,475) (1181,475) (1181,475) (1181,476) (1181,476) (1181,476) (1180,476) (1180,476) (1180,476) (1180,477) (1180,477) (1180,477) (1180,477) (1180,477) (1180,477) (1181,477) (1181,477)
add_area 160481221 '-'  (1153,461) (1153,461) (1153,461) (1153,461) (1153,461) (1153,461) (1154,461) (1154,461) (1154,461) (1154,460) (1155,460) (1155,460) (1155,460) (1155,459) (1155,459) (1154,460) (1154,460) (1154,460) (1154,460) (1153,460) (1153,460) (1153,461)
add_area 1363814950 '-'  (1191,455) (1191,456) (1191,456) (1191,456) (1191,456) (1191,456) (1191,456) (1191,456) (1191,456) (1191,456) (1192,455) (1192,455) (1192,455) (1192,455) (1191,455) (1191,455) (1191,455)
add_area 1363814947 '-'  (1196,419) (1196,419) (1196,419) (1196,419) (1197,418) (1197,418) (1197,418) (1196,418) (1196,418) (1196,418) (1196,418) (1196,418) (1196,418) (1196,418) (1196,418) (1196,418) (1196,418) (1196,418) (1196,418) (1196,419) (1196,419) (1196,419)
add_area 1363814946 '-'  (1219,433) (1219,433) (1219,433) (1219,433) (1220,433) (1220,433) (1220,433) (1220,433) (1220,433) (1220,433) (1220,433) (1219,433) (1219,433)
add_area 2147205 'iso saarijarvi'  (1144,512) (1152,503) (1163,499) (1166,490) (1176,486) (1186,478) (1189,475) (1186,474) (1201,465) (1201,463) (1196,462) (1202,457) (1202,454) (1197,452) (1193,454) (1194,451) (1199,451) (1203,442) (1207,440) (1207,444) (1210,444) (1218,434) (1224,432) (1228,427) (1227,425) (1233,424) (1241,418) (1247,406) (1255,406) (1260,404) (1263,400) (1263,397) (1272,389) (1273,386) (1268,387) (1259,380) (1258,377) (1245,372) (1244,366) (1235,371) (1232,369) (1221,383) (1213,398) (1209,399) (1199,409) (1199,412) (1192,421) (1185,440) (1174,455) (1169,458) (1160,458) (1157,454) (1163,449) (1161,446) (1164,442) (1158,446) (1155,440) (1152,440) (1133,455) (1116,464) (1105,475) (1093,481) (1093,485) (1088,491) (1089,504) (1094,512) (1112,492) (1126,482) (1135,479) (1145,470) (1152,468) (1151,474) (1160,477) (1127,498) (1128,503) (1135,504) (1136,508) (1144,506) (1144,512)
add_area 81109779 'helvetinjarven kansallispuisto'  (1537,403) (1531,411) (1533,415) (1531,420) (1538,417) (1548,404) (1542,399) (1537,403)
add_area 2147206 'kaleton'  (1518,421) (1520,424) (1523,427) (1532,430) (1544,421) (1552,410) (1564,383) (1550,389) (1548,387) (1549,381) (1552,376) (1557,372) (1566,352) (1567,348) (1564,348) (1551,366) (1542,374) (1535,385) (1528,389) (1528,391) (1534,392) (1534,394) (1529,403) (1520,414) (1518,421)
add_area 160481224 'helvetinjarven kansallispuisto'  (1210,725) (1210,726) (1209,726) (1209,726) (1208,727) (1208,727) (1208,727) (1207,728) (1207,728) (1207,729) (1206,729) (1206,730) (1206,730) (1206,730) (1206,730) (1206,730) (1206,730) (1206,730) (1207,730) (1207,730) (1208,730) (1209,730) (1209,730) (1210,729) (1210,729) (1210,729) (1210,729) (1211,728) (1211,728) (1212,727) (1212,727) (1212,726) (1213,725) (1213,725) (1214,724) (1214,724) (1213,724) (1213,724) (1213,724) (1212,724) (1212,724) (1211,724) (1210,725) (1210,725)
add_area 160481206 'rullisaari'  (1188,748) (1187,748) (1187,748) (1187,748) (1187,749) (1186,749) (1186,749) (1186,749) (1186,750) (1186,750) (1186,750) (1186,750) (1187,750) (1187,750) (1187,750) (1187,750) (1187,750) (1187,750) (1188,750) (1188,750) (1188,750) (1188,750) (1188,750) (1188,750) (1189,750) (1189,749) (1189,749) (1189,749) (1189,749) (1189,749) (1189,749) (1188,748) (1188,748) (1188,748) (1188,748) (1188,748) (1189,748) (1189,748) (1188,748) (1188,748) (1188,748) (1188,748) (1188,748) (1188,748)
add_area 160481208 '-'  (1334,521) (1334,522) (1333,522) (1333,522) (1333,522) (1333,522) (1333,522) (1334,522) (1334,522) (1334,522) (1334,522) (1334,522) (1334,522) (1334,522) (1334,522) (1334,522) (1334,521) (1335,521) (1335,520) (1335,520) (1335,520) (1335,520) (1335,520) (1335,520) (1335,520) (1335,520) (1334,521) (1334,521)
add_area 1363328855 '-'  (1336,519) (1336,519) (1336,519) (1336,520) (1336,520) (1336,520) (1336,520) (1336,520) (1336,520) (1336,520) (1336,519) (1336,519) (1336,519) (1336,519) (1336,519) (1336,519) (1336,519) (1336,519) (1336,519) (1336,519)
add_area 1363328854 '-'  (1167,769) (1167,769) (1167,769) (1167,769) (1167,769) (1167,769) (1167,769) (1167,769) (1167,769) (1167,769) (1167,769) (1167,769) (1167,769)
add_area 1363328853 '-'  (1199,716) (1199,716) (1199,716) (1199,716) (1199,716) (1199,716) (1199,716) (1199,716) (1199,716) (1198,716) (1198,716) (1198,716) (1198,717) (1198,717) (1198,717) (1199,717) (1199,717) (1199,717) (1199,717) (1199,717) (1199,717) (1199,717) (1199,717) (1199,717) (1199,716) (1199,716) (1200,716) (1200,716) (1200,716) (1199,716) (1199,716) (1199,716) (1199,716) (1199,716)
add_area 1363328852 '-'  (1225,682) (1225,682) (1225,682) (1225,682) (1225,682) (1225,682) (1225,682) (1225,682) (1225,682) (1225,682) (1225,682) (1225,682) (1225,682) (1225,682) (1225,682) (1225,682) (1226,682) (1226,682) (1226,682) (1226,682) (1226,682) (1226,682) (1225,682) (1225,682) (1225,682)
add_area 2147207 'kovero'  (1110,780) (1162,771) (1174,785) (1190,774) (1242,769) (1239,794) (1260,765) (1300,755) (1319,745) (1317,731) (1312,731) (1273,746) (1262,747) (1259,742) (1225,756) (1190,759) (1200,743) (1219,739) (1279,706) (1299,681) (1296,677) (1281,680) (1272,697) (1227,726) (1197,723) (1218,698) (1224,698) (1228,690) (1225,683) (1243,668) (1235,671) (1235,666) (1223,676) (1214,674) (1248,647) (1248,642) (1241,647) (1239,646) (1245,641) (1241,638) (1253,626) (1254,614) (1279,575) (1409,457) (1495,402) (1511,385) (1523,360) (1488,395) (1449,409) (1370,478) (1352,487) (1342,484) (1297,529) (1214,640) (1168,687) (1169,699) (1161,710) (1162,715) (1187,687) (1206,683) (1210,693) (1177,730) (1182,736) (1176,747) (1182,755) (1179,761) (1149,769) (1132,768) (1110,780)
add_area 160481201 'isosaari'  (937,851) (936,852) (936,852) (935,853) (935,853) (934,853) (934,853) (933,853) (933,854) (932,854) (932,855) (932,855) (932,856) (931,856) (931,857) (931,857) (930,857) (929,858) (929,858) (928,859) (928,861) (927,861) (927,862) (927,862) (926,863) (926,864) (925,864) (925,865) (925,865) (926,865) (926,865) (926,865) (927,864) (929,864) (930,863) (931,863) (933,861) (934,861) (935,860) (935,859) (936,858) (938,855) (938,854) (939,854) (939,853) (939,853) (939,852) (940,851) (939,851) (939,850) (939,850) (939,850) (939,850) (939,850) (938,850) (938,850) (938,850) (938,851) (938,851) (937,851) (937,851) (937,851)
add_area 160481210 '-'  (881,828) (880,828) (880,828) (880,828) (880,829) (879,829) (879,829) (879,830) (879,830) (879,831) (879,831) (879,831) (879,831) (879,831) (880,831) (880,830) (880,830) (881,830) (881,830) (881,829) (881,829) (882,829) (882,829) (883,829) (883,828) (883,828) (884,828) (884,828) (884,827) (884,827) (884,827) (884,826) (884,826) (883,826) (883,826) (883,827) (883,827) (882,827) (882,827) (881,828) (881,828)
add_area 160481209 '-'  (942,848) (942,848) (942,848) (942,848) (942,849) (942,849) (942,849) (942,850) (941,850) (941,850) (941,850) (942,850) (942,850) (942,849) (942,849) (943,848) (943,847) (943,847) (943,847) (943,847) (943,847) (942,847) (942,848)
add_area 160481217 '-'  (915,874) (915,874) (915,874) (915,874) (915,874) (915,874) (915,875) (915,875) (915,875) (915,875) (915,876) (915,876) (916,876) (916,876) (916,875) (916,875) (916,875) (916,875) (916,875) (916,874) (916,874) (916,874) (916,874) (916,874) (916,874) (915,874)
add_area 2147208 'luoma'  (930,841) (899,869) (890,882) (851,917) (851,921) (855,922) (868,911) (882,904) (925,871) (948,862) (981,834) (1001,822) (994,821) (994,818) (998,815) (1025,807) (1032,807) (1033,801) (1027,802) (1023,798) (1017,797) (1022,794) (1028,795) (1034,791) (1040,792) (1053,784) (1056,775) (1072,767) (1073,765) (1071,764) (1073,760) (1083,758) (1093,752) (1075,753) (1069,748) (1063,749) (1044,760) (1039,761) (1020,777) (959,802) (954,807) (953,805) (961,796) (954,796) (939,802) (934,807) (914,815) (905,822) (902,820) (885,820) (877,824) (841,832) (837,837) (838,840) (845,837) (851,839) (846,848) (851,849) (865,839) (870,841) (874,836) (883,834) (888,828) (925,829) (926,831) (923,835) (930,841)
add_area 81102805 'pikku saarijarvi'  (946,622) (944,627) (945,629) (948,628) (950,629) (955,624) (961,624) (972,612) (977,608) (978,606) (993,596) (1004,592) (1006,586) (1003,585) (1001,580) (1012,567) (1016,560) (1013,551) (1010,549) (1003,550) (1001,548) (1000,542) (994,543) (987,549) (981,552) (977,559) (972,562) (969,572) (970,580) (969,583) (965,588) (945,603) (943,607) (939,620) (940,622) (946,622)
add_area 81102811 'papinsaari'  (987,571) (987,571) (987,571) (987,571) (986,571) (986,572) (987,572) (987,572) (988,573) (988,573) (988,573) (988,573) (989,573) (989,573) (990,573) (990,573) (990,573) (990,573) (991,572) (991,572) (991,572) (991,571) (990,571) (990,571) (989,571) (988,571) (987,571)
add_area 81109753 'kuivajarvi'  (1643,266) (1641,268) (1644,270) (1647,270) (1650,268) (1656,272) (1660,270) (1664,262) (1666,256) (1665,254) (1667,253) (1669,246) (1679,235) (1686,227) (1688,220) (1691,214) (1690,212) (1687,211) (1681,216) (1674,219) (1673,216) (1672,215) (1671,211) (1668,211) (1666,212) (1666,212) (1667,212) (1668,217) (1666,223) (1659,232) (1655,234) (1650,240) (1649,242) (1650,244) (1647,248) (1648,250) (1645,254) (1644,255) (1640,255) (1638,252) (1639,250) (1644,245) (1642,239) (1642,236) (1639,234) (1634,234) (1630,237) (1623,258) (1619,259) (1620,262) (1627,266) (1629,269) (1630,269) (1633,268) (1637,264) (1638,264) (1639,262) (1640,260) (1641,258) (1641,257) (1642,256) (1643,256) (1644,257) (1643,258) (1643,260) (1642,262) (1644,264) (1643,266)
add_area 1360331904 '-'  (370,1112) (371,1112) (376,1114) (380,1111) (369,1111) (370,1112)
add_area 1359711625 '-'  (490,991) (476,998) (472,1003) (472,1007) (470,1008) (461,1014) (448,1026) (428,1039) (416,1050) (410,1052) (409,1049) (406,1049) (400,1057) (391,1059) (385,1065) (369,1090) (348,1112) (344,1122) (366,1112) (369,1111) (490,991)
add_area 191927701 '-'  (893,762) (930,735) (942,756) (1032,703) (1098,619) (1171,602) (1182,558) (1142,562) (1143,560) (1143,559) (1143,558) (1142,558) (1141,556) (1139,555) (1137,554) (1136,554) (1134,554) (1132,555) (1130,556) (1127,556) (1125,557) (1125,557) (1124,558) (1124,559) (1123,559) (1113,561) (1111,565) (1090,568) (1061,598) (1015,585) (976,574) (971,564) (958,570) (925,586) (926,591) (886,609) (885,609) (885,609) (884,609) (884,609) (883,610) (883,610) (883,610) (882,610) (881,610) (880,610) (879,611) (893,762)
add_area 1363328811 '-'  (739,676) (738,676) (684,699) (555,755) (585,832) (677,784) (699,813) (738,793) (727,785) (738,772) (730,757) (750,747) (777,783) (809,823) (873,776) (739,676)
add_area 1359903914 '-'  (472,858) (510,851) (522,842) (456,719) (452,720) (472,858) (472,858)
add_area 637711732 '-'  (472,858) (470,854) (471,850) (481,844) (491,844) (500,841) (508,850) (514,847) (515,843) (511,840) (504,831) (503,827) (505,824) (509,823) (507,819) (504,818) (504,815) (497,815) (495,817) (494,815) (492,815) (486,820) (483,820) (487,811) (495,806) (492,801) (494,797) (492,797) (489,801) (484,801) (482,796) (477,800) (472,799) (470,797) (459,802) (457,797) (452,792) (434,805) (437,809) (436,811) (430,811) (419,816) (409,826) (410,827) (416,829) (416,832) (472,858)
add_area 1359903903 '-'  (401,840) (401,841) (402,841) (402,841) (403,841) (404,842) (404,842) (405,842) (406,842) (406,841) (407,841) (407,841) (408,841) (408,841) (409,840) (410,840) (412,838) (413,837) (414,836) (415,834) (416,832) (401,840)
add_area 1359903905 '-'  (387,734) (377,744) (368,750) (360,763) (350,772) (347,777) (348,781) (345,802) (345,813) (347,815) (353,815) (351,819) (346,820) (343,823) (342,831) (349,839) (353,838) (352,845) (358,843) (362,844) (367,843) (368,845) (363,849) (366,852) (370,850) (366,857) (368,857) (370,863) (373,861) (377,853) (380,852) (389,846) (389,839) (401,840) (387,734)
add_area 1359903915 '-'  (473,859) (472,859) (477,891) (501,881) (500,872) (500,872) (473,859)
add_area 1359711626 'helvetinjarven kansallispuisto'  (1431,504) (1454,485) (1457,474) (1458,470) (1448,472) (1445,474) (1419,482) (1415,484) (1431,504)
add_area 637618193 '-'  (1300,276) (1301,276) (1302,276) (1302,276) (1303,276) (1304,276) (1305,278) (1305,278) (1306,278) (1306,278) (1307,276) (1308,275) (1308,273) (1308,272) (1309,271) (1309,270) (1310,269) (1313,267) (1313,266) (1314,265) (1314,264) (1314,263) (1314,262) (1314,262) (1314,262) (1313,261) (1313,261) (1312,260) (1312,258) (1312,257) (1312,256) (1311,255) (1311,255) (1310,254) (1310,253) (1310,253) (1310,252) (1310,252) (1310,252) (1310,252) (1300,276)
add_area 637618194 '-'  (1401,411) (1412,398) (1417,396) (1429,384) (1437,378) (1438,375) (1433,375) (1429,378) (1419,391) (1409,399) (1401,411)
add_area 81102816 'loyttyjarvi'  (1341,408) (1330,414) (1321,414) (1312,418) (1290,421) (1285,423) (1285,426) (1289,433) (1291,433) (1299,430) (1293,437) (1293,439) (1295,440) (1297,444) (1297,448) (1329,437) (1340,431) (1353,427) (1364,419) (1364,417) (1355,417) (1341,424) (1335,423) (1336,420) (1341,419) (1343,415) (1352,411) (1353,407) (1364,401) (1369,392) (1369,389) (1361,390) (1359,396) (1347,407) (1341,408)
add_area 637618192 '-'  (1207,444) (1210,443) (1211,440) (1218,434) (1224,432) (1228,427) (1227,425) (1233,424) (1241,418) (1242,412) (1245,411) (1244,409) (1247,406) (1255,406) (1260,404) (1263,400) (1263,397) (1272,389) (1273,386) (1268,387) (1256,376) (1207,444)
add_area 1363328856 '-'  (1244,406) (1253,384) (1255,380) (1256,376) (1207,444) (1244,406)
add_area 637618191 '-'  (1144,512) (1148,509) (1152,503) (1159,502) (1163,499) (1167,492) (1166,490) (1176,486) (1186,478) (1189,475) (1186,475) (1186,474) (1195,470) (1201,465) (1201,463) (1196,462) (1202,457) (1202,456) (1200,457) (1202,454) (1199,453) (1144,512)
add_area 637711729 '-'  (272,880) (273,880) (276,879) (276,879) (277,880) (294,859) (292,858) (291,858) (289,855) (288,854) (285,852) (284,851) (278,854) (272,878) (272,880)
add_area 133492384 '-'  (278,854) (277,846) (273,844) (261,845) (251,851) (245,851) (244,849) (249,839) (247,837) (241,840) (223,854) (204,877) (190,886) (179,900) (178,909) (173,913) (171,914) (170,911) (168,912) (167,918) (171,920) (177,918) (181,919) (189,915) (199,906) (206,898) (213,885) (215,876) (222,871) (232,870) (241,867) (225,884) (225,889) (223,890) (223,889) (219,891) (216,899) (215,900) (214,898) (213,899) (214,901) (210,909) (214,914) (218,913) (236,899) (251,892) (268,881) (272,878) (278,854)
add_area 160398086 'rapalammi'  (713,628) (713,628) (713,629) (713,629) (713,629) (713,629) (713,630) (713,630) (713,630) (713,630) (714,630) (715,631) (715,631) (715,631) (715,631) (716,630) (716,630) (716,630) (716,631) (716,631) (716,630) (716,630) (716,630) (716,630) (716,630) (717,630) (717,630) (717,629) (717,629) (717,629) (718,629) (718,629) (718,629) (717,629) (717,628) (717,628) (718,628) (718,628) (718,628) (718,628) (718,627) (718,627) (718,627) (718,627) (718,627) (717,627) (717,627) (716,627) (716,627) (715,627) (715,627) (715,627) (715,626) (715,626) (714,626) (714,626) (714,627) (714,627) (713,627) (713,627) (713,627) (713,627) (713,627) (713,627) (713,627) (713,627) (713,627) (713,627) (713,627) (713,627) (713,628) (713,628) (713,628)
add_area 1359903940 '-'  (714,629) (714,629) (714,629) (714,629) (714,629) (714,629) (714,629) (714,629) (714,629) (714,629) (715,629) (715,629) (715,628) (715,628) (715,628) (715,628) (715,628) (715,628) (715,628) (714,628) (714,628) (714,628) (714,629)
add_area 18707916 'peralammi'  (741,673) (737,680) (739,678) (742,680) (751,672) (756,673) (763,671) (765,675) (778,678) (789,670) (796,668) (804,662) (812,655) (817,656) (820,659) (824,660) (839,655) (854,649) (858,644) (859,637) (864,634) (871,632) (874,632) (873,640) (874,644) (880,644) (886,640) (889,631) (898,621) (900,611) (892,611) (885,609) (882,611) (880,610) (874,614) (869,615) (860,625) (847,629) (841,629) (837,631) (832,630) (822,641) (822,644) (819,650) (814,652) (811,652) (811,649) (805,645) (803,642) (796,642) (792,639) (790,639) (798,630) (797,628) (790,629) (786,628) (769,638) (761,649) (752,654) (750,657) (745,660) (740,669) (741,673)
add_area 81102819 'saarilammi'  (752,780) (739,792) (736,800) (731,804) (730,809) (745,800) (753,786) (759,782) (757,779) (752,780)
add_area 1360084907 '-'  (737,802) (737,803) (737,803) (737,803) (737,803) (737,803) (737,803) (737,803) (737,803) (737,803) (737,802) (737,802) (737,802)
add_area 39230600 'kankijarvi'  (775,962) (778,970) (785,966) (815,942) (822,933) (832,924) (829,925) (822,923) (813,925) (809,930) (810,931) (806,933) (799,944) (793,946) (790,945) (779,957) (775,962)
add_area 1360654905 '-'  (829,925) (829,925) (829,925) (829,925) (829,925) (829,926) (829,926) (828,926) (828,926) (828,926) (828,926) (828,926) (829,926) (829,926) (829,926) (829,926) (829,926) (829,926) (829,926) (829,926) (829,926) (829,926) (829,926) (829,926) (829,926) (829,926) (829,926) (829,926) (829,925) (829,925) (829,925) (829,925) (829,925) (829,925) (829,925) (829,925) (829,925) (829,925) (829,925)
add_area 1360654906 '-'  (830,925) (830,925) (830,925) (830,925) (830,925) (830,925) (830,925) (830,925) (831,925) (831,925) (831,925) (831,925) (831,925) (830,925) (830,925) (830,925)
add_area 1360654907 '-'  (811,930) (811,931) (811,931) (811,931) (811,931) (811,931) (811,931) (812,931) (812,931) (812,931) (813,931) (813,930) (813,930) (813,930) (813,930) (813,930) (813,930) (813,930) (813,930) (812,930) (812,930) (812,930) (812,930) (812,930) (811,930) (811,930) (811,930) (811,930)
add_area 18721653 'kalliojarvi'  (387,1187) (406,1176) (410,1179) (416,1178) (424,1180) (433,1174) (443,1171) (450,1162) (456,1159) (464,1160) (473,1156) (473,1169) (475,1170) (475,1168) (478,1168) (492,1146) (502,1134) (514,1123) (514,1120) (512,1120) (506,1125) (496,1126) (479,1135) (474,1135) (469,1131) (454,1135) (450,1139) (446,1140) (433,1155) (414,1166) (406,1169) (400,1174) (380,1177) (372,1179) (370,1181) (374,1188) (387,1187)
add_area 1361481002 '-'  (766,476) (765,476) (765,476) (765,476) (765,476) (765,476) (765,477) (765,477) (765,477) (765,477) (765,477) (765,477) (765,478) (765,478) (765,478) (766,478) (766,477) (766,477) (766,477) (767,477) (767,476) (767,476) (767,476) (767,476) (767,476) (767,476) (767,476) (767,476) (766,476) (766,476) (766,476) (766,476)
add_area 1361481001 '-'  (766,476) (765,477) (765,477) (765,477) (766,477) (766,477) (766,477) (766,477) (766,477) (766,477) (766,476) (766,476) (766,476) (766,476)
add_area 18760413 'kivi-kierinka'  (1119,106) (1140,68) (1145,56) (1155,43) (1166,34) (1150,15) (1108,69) (1112,84) (1104,94) (1119,106)
add_area 18760414 'kivi-kierinka'  (1140,68) (1116,113) (1118,115) (1159,69) (1165,58) (1190,29) (1198,15) (1188,21) (1182,28) (1172,36) (1172,31) (1170,31) (1155,43) (1145,56) (1140,68)
add_area 18760415 'kymalaisen metsa'  (893,762) (891,753) (880,764) (878,766) (868,772) (869,774) (872,772) (873,773) (873,776) (893,762)
add_area 18760416 'haukan metsa'  (308,1092) (305,1068) (375,1042) (414,1001) (408,997) (400,1003) (397,1005) (396,1006) (393,1010) (391,1013) (390,1013) (389,1014) (388,1015) (387,1016) (384,1017) (362,1026) (361,1027) (360,1028) (360,1028) (358,1031) (357,1032) (357,1033) (352,1036) (342,1042) (335,1047) (333,1049) (332,1050) (327,1054) (325,1055) (323,1056) (321,1057) (313,1062) (307,1066) (300,1070) (291,1076) (290,1077) (289,1078) (289,1079) (288,1080) (288,1081) (304,1095) (308,1092)
add_area 18760418 'santalahden metsa'  (1209,714) (1220,710) (1274,694) (1275,694) (1275,693) (1275,692) (1275,692) (1275,691) (1275,691) (1275,691) (1274,691) (1274,690) (1274,690) (1266,693) (1267,687) (1276,680) (1269,681) (1247,687) (1214,707) (1213,708) (1211,710) (1210,711) (1209,712) (1208,713) (1209,714)
add_area 18760419 'ruoveden seurakunnan metsa'  (1247,687) (1269,681) (1265,678) (1259,677) (1260,676) (1256,672) (1258,665) (1265,661) (1273,650) (1278,647) (1276,647) (1275,642) (1247,648) (1241,654) (1231,657) (1235,665) (1237,665) (1234,670) (1242,665) (1244,666) (1244,667) (1232,681) (1225,683) (1225,686) (1228,689) (1228,691) (1223,699) (1221,700) (1218,698) (1218,704) (1214,707) (1247,687)
add_area 1363328865 '-'  (1351,408) (1351,408) (1351,408) (1351,408) (1351,409) (1351,409) (1351,409) (1351,409) (1351,408) (1351,408) (1351,408) (1351,408) (1351,408) (1351,408) (1351,408) (1351,408) (1352,408) (1352,408) (1352,408) (1352,408) (1352,408) (1352,408) (1351,408) (1351,408) (1351,408) (1351,408) (1351,408) (1351,408) (1351,408) (1351,408) (1351,408)
add_area 1363328866 '-'  (1344,410) (1344,410) (1344,410) (1344,410) (1344,410) (1344,410) (1344,410) (1345,410) (1345,410) (1345,410) (1345,410) (1345,410) (1345,410) (1344,410) (1344,410)
add_area 1363328867 '-'  (1328,431) (1328,431) (1328,431) (1328,432) (1328,432) (1328,432) (1328,432) (1329,432) (1329,432) (1329,431) (1329,431) (1329,431) (1329,431) (1329,431) (1329,431) (1329,431) (1329,431) (1329,431) (1328,431)
add_area 81024230 'ruokejarvet'  (1251,255) (1265,256) (1268,253) (1276,249) (1282,236) (1277,236) (1272,234) (1266,235) (1261,237) (1252,246) (1245,242) (1253,240) (1255,237) (1255,232) (1248,229) (1242,239) (1234,247) (1232,249) (1228,248) (1223,249) (1218,253) (1220,254) (1219,259) (1203,265) (1202,272) (1199,280) (1194,284) (1191,289) (1194,290) (1197,288) (1196,290) (1199,291) (1206,290) (1227,270) (1238,265) (1246,258) (1251,255)
add_area 1374654931 '-'  (1219,260) (1219,261) (1219,261) (1219,261) (1219,261) (1219,261) (1219,261) (1219,261) (1219,261) (1219,261) (1219,261) (1219,260) (1219,260) (1219,260)
add_area 1374654932 '-'  (1251,234) (1251,234) (1250,234) (1251,234) (1251,234) (1251,234) (1251,234) (1251,234) (1251,234) (1251,234) (1251,234) (1251,234) (1251,233) (1251,234)
add_area 81024225 'ruokejarvet'  (1270,261) (1266,267) (1271,273) (1285,272) (1290,274) (1294,274) (1304,275) (1306,278) (1314,263) (1309,251) (1311,247) (1308,244) (1310,240) (1305,236) (1298,238) (1290,244) (1285,246) (1270,261)
add_area 1374654933 '-'  (1292,244) (1292,245) (1292,245) (1292,245) (1292,245) (1292,245) (1292,245) (1292,245) (1293,246) (1293,246) (1293,246) (1293,246) (1293,246) (1293,245) (1293,245) (1293,245) (1293,245) (1293,245) (1293,244) (1292,244) (1292,244)
add_subarea_to_area 160481213 2147205
add_subarea_to_area 1360059799 1363328811
add_subarea_to_area 1360654907 39230600
add_subarea_to_area 1363328856 637618192
add_subarea_to_area 160481217 2147208
add_subarea_to_area 1374654932 81024230
add_subarea_to_area 81102810 1363328811
add_subarea_to_area 1115982292 637618194
add_subarea_to_area 160386132 2146212
add_subarea_to_area 160386127 2146212
add_subarea_to_area 1359903905 2146212
add_subarea_to_area 1359903906 2146212
add_subarea_to_area 637618191 2147205
add_subarea_to_area 160481201 2147208
add_subarea_to_area 1359903876 2146212
add_subarea_to_area 81109779 2147206
add_subarea_to_area 1363814950 2147205
add_subarea_to_area 1359903940 160398086
add_subarea_to_area 81102817 1363328811
add_subarea_to_area 160481224 2147207
add_subarea_to_area 1363328866 81102816
add_subarea_to_area 637711733 2146212
add_subarea_to_area 160386139 2146212
add_subarea_to_area 1361480983 81102801
add_subarea_to_area 1359903908 2146212
add_subarea_to_area 1360084909 1363328811
add_subarea_to_area 81103622 2146212
add_subarea_to_area 371547856 2146212
add_subarea_to_area 160386140 2146212
add_subarea_to_area 1363328855 2147207
add_subarea_to_area 160386128 1359903905
add_subarea_to_area 160386135 2146212
add_subarea_to_area 1363328865 81102816
add_subarea_to_area 1363328854 2147207
add_subarea_to_area 1360084907 81102819
add_subarea_to_area 1360059815 191927701
add_subarea_to_area 160481206 2147207
add_subarea_to_area 1360654905 39230600
add_subarea_to_area 160481215 637618191
add_subarea_to_area 1359903945 2146212
add_subarea_to_area 133492389 1794149
add_subarea_to_area 160481218 637618192
add_subarea_to_area 133492390 1794149
add_subarea_to_area 81103625 2146212
add_subarea_to_area 371547855 2146212
add_subarea_to_area 160481204 2147205
add_subarea_to_area 1363328852 2147207
add_subarea_to_area 160406460 81102801
add_subarea_to_area 160481209 2147208
add_subarea_to_area 1359903917 2146212
add_subarea_to_area 160406455 2146436
add_subarea_to_area 81109749 637618194
add_subarea_to_area 160481210 2147208
add_subarea_to_area 81103315 1794149
add_subarea_to_area 1359903913 1359903905
add_subarea_to_area 1363814947 2147205
add_subarea_to_area 637618192 2147205
add_subarea_to_area 1360654906 39230600
add_subarea_to_area 160481223 2147205
add_subarea_to_area 160481221 2147205
add_subarea_to_area 81102812 1363328811
add_subarea_to_area 1359903918 2146212
add_subarea_to_area 1361481001 1361481002
add_subarea_to_area 1363328867 81102816
add_subarea_to_area 637618190 191927701
add_subarea_to_area 1363328853 2147207
add_subarea_to_area 1374654931 81024230
add_subarea_to_area 1374654933 81024225
add_subarea_to_area 160481208 2147207
add_subarea_to_area 160386134 2146212
add_subarea_to_area 160386143 81103327
add_subarea_to_area 81103633 2146212
add_subarea_to_area 133525715 1794515
add_subarea_to_area 1363814946 637618192
add_subarea_to_area 81102811 81102805
add_subarea_to_area 1359903907 2146212
add_subarea_to_area 160406452 1363328811
add_subarea_to_area 160386129 1359903905
