add_way 0x690fe5 (552,309) (555,310) (565,320) (572,327) (576,332) (578,336) (581,341) (583,347) (584,349)
add_way 0x174935d (524,337) (521,341) (517,348)
add_way 0x1a20010 (272,212) (273,214) (272,219) (272,221) (274,223)
add_way 0x1a20013 (340,82) (342,82) (344,82) (345,83) (347,84) (349,87) (351,89) (355,95) (358,100) (360,104) (361,107) (361,110) (363,114) (366,118) (367,119)
add_way 0x0 (367,119) (367,120) (367,121) (367,122) (366,123) (365,123) (365,122) (366,121) (367,119)
add_way 0x1a86c05 (608,186) (608,196) (611,201) (611,210) (620,223) (625,248) (626,249) (659,251) (664,254) (667,263) (667,274) (673,281) (675,297) (679,306)
add_way 0x29784c0 (257,280) (258,279) (258,278)
add_way 0x29784c3 (226,185) (226,184) (228,183)
add_way 0x29784c4 (208,174) (209,173) (214,170) (219,166) (221,165)
add_way 0x29784c5 (182,42) (183,39) (183,38) (186,37) (189,34) (195,28) (199,25) (202,23) (232,19)
add_way 0x8fe592f (340,82) (340,83) (339,84)
add_way 0x8fe5930 (300,66) (300,67) (300,68) (299,69) (299,70)
add_way 0x8fe7842 (493,225) (495,225) (499,225) (502,224) (512,218) (515,216) (518,216) (523,215) (526,215) (531,214) (534,214) (537,215) (543,220) (546,221) (549,221)
add_way 0x8ff582a (258,282) (258,281) (258,281) (258,280) (258,280) (258,280) (257,280)
add_way 0x8ff582b (256,282) (255,281) (255,280) (255,278) (255,277) (255,276)
add_way 0x8ff582e (259,281) (260,281)
add_way 0x8ff582f (256,282) (256,283)
add_way 0x8ff5831 (259,272) (257,274) (255,276)
add_way 0x8ff5832 (259,279) (258,279) (258,279) (257,280)
add_way 0x9d97fb0 (565,109) (569,104) (571,102) (572,102) (574,101) (575,102) (576,101) (579,100) (581,99) (583,100) (585,100) (588,101) (590,100) (593,100) (598,100) (601,99)
add_way 0xb48e23d (479,248) (478,253) (485,268) (484,273) (477,288) (466,303) (464,313) (461,316) (453,319)
add_way 0xc62aec0 (260,281) (260,280)
add_way 0xd00c5c7 (422,255) (415,260) (408,265) (406,267) (405,268) (402,272)
add_way 0x1 (402,272) (402,274) (400,275) (400,274) (400,273) (402,272)
add_way 0xd00c5ca (420,188) (413,183) (413,174) (409,151) (409,145) (412,130) (412,98) (415,79) (411,68) (408,65) (406,60) (412,45) (428,41) (440,36) (455,26)
add_way 0xdd8b589 (494,460) (496,460) (497,459) (497,459) (498,460) (510,466) (518,466) (519,466) (520,464) (523,462)
add_way 0xddb375a (623,158) (609,168)
add_way 0xddb375b (627,184) (625,183) (624,184) (624,185) (622,187) (619,188) (616,188) (612,187) (608,186)
add_way 0xddb375d (622,148) (621,150) (619,150) (617,150) (615,151) (614,152) (613,152) (609,149) (608,150) (607,150) (606,152) (603,155) (602,156) (600,157)
add_way 0xddb375e (615,139) (614,141) (613,142) (612,143) (612,142) (610,142) (609,142) (608,142) (606,143) (605,144) (597,152)
add_way 0xddb3c4d (576,200) (571,210) (567,220) (564,226) (562,232) (557,242)
add_way 0xddb3ea3 (557,296) (559,295) (561,294) (563,293) (566,292) (567,291) (570,288) (571,286) (571,283) (572,281) (581,272) (581,271)
add_way 0xddb3f53 (559,202) (558,204) (555,210)
add_way 0xddb3f54 (555,210) (549,212)
add_way 0xddb3f79 (621,136) (619,137) (615,139)
add_way 0xddcc04b (533,166) (557,148)
add_way 0xddcc04c (492,126) (500,122) (503,120) (507,118) (509,117) (511,114) (515,111) (518,109) (528,91)
add_way 0xddcda1c (489,126) (490,127)
add_way 0xddcdecf (557,148) (584,126)
add_way 0xddd72d0 (388,485) (387,487) (387,490) (389,491) (391,491) (394,489) (395,487) (400,482) (402,478)
add_way 0xddd72d2 (369,360) (368,361)
add_way 0xde369c8 (402,478) (405,481) (408,482) (412,483) (415,483) (419,482)
add_way 0xde36ba8 (321,536) (319,537)
add_way 0xde3d1f4 (199,468) (186,472) (166,483) (163,484) (154,480) (149,479) (123,492) (119,492) (99,485) (91,488) (79,497) (57,495)
add_way 0xde3d1fb (151,444) (145,445) (134,435) (147,414) (150,406) (147,397) (147,385)
add_way 0xde3d1fd (79,538) (83,543) (87,552)
add_way 0x2 (149,545) (148,542)
add_way 0xde3d1ff (74,440) (75,438)
add_way 0xde3d201 (10,552) (15,548) (17,546) (18,546) (20,546)
add_way 0xde3d202 (151,444) (152,445) (153,445) (153,445) (153,444) (153,444) (151,444)
add_way 0xeac08c8 (187,72) (186,71) (183,71) (181,71) (179,69) (176,68) (175,66) (173,64) (172,64) (170,63)
add_way 0xeac08c9 (209,56) (205,58) (203,60) (201,63) (199,66) (197,67) (194,68) (192,70) (189,71)
add_way 0xebd04ad (106,273) (106,274) (106,275) (106,276)
add_way 0xf8e308d (275,208) (277,206) (279,203) (282,200)
add_way 0x124a1f4f (171,232) (167,238) (169,245) (168,250) (163,257) (141,260) (138,259) (137,257)
add_way 0x124a1f55 (171,232) (170,232) (169,231) (168,231) (168,232) (166,232) (165,233) (164,233) (164,233) (163,233) (162,233) (161,233) (160,233) (157,235) (155,237)
add_way 0x124a1f57 (198,204) (196,204) (195,205) (192,206)
add_way 0x124a1f59 (193,213) (192,214) (191,214) (189,214) (187,214) (185,215) (184,215) (183,215) (182,214)
add_way 0x124cea58 (397,539) (390,546) (387,549) (386,550) (384,551) (383,551) (381,551) (379,552)
add_way 0x124cea59 (392,536) (390,536) (388,538)
add_way 0x124cea5a (392,536) (392,535) (392,535) (392,534)
add_way 0x124cea5b (411,526) (407,526) (403,528) (401,528)
add_way 0x124cec17 (462,528) (476,517) (486,507) (491,507) (508,501) (514,501) (520,496) (526,497) (532,506) (537,509) (538,514) (540,517)
add_way 0x124cec18 (485,481) (485,480) (488,473)
add_way 0x124cec19 (478,491) (475,490) (472,488) (470,487) (468,487) (467,488) (465,487)
add_way 0x124fca4c (493,225) (492,224) (487,213) (486,211) (485,210) (473,202) (469,200) (467,199) (458,197)
add_way 0x12508c27 (228,552) (228,551) (228,549) (228,547) (228,547) (227,544) (226,544) (226,543) (225,543) (224,543) (223,543) (223,544) (222,544) (220,547) (219,548) (218,548) (217,549) (215,549)
add_way 0x12508e0a (262,505) (263,498) (259,492) (248,500) (237,498)
add_way 0x12508e0b (262,505) (259,507) (259,507) (258,507) (256,508) (255,509) (255,509) (254,509) (253,509) (252,509) (251,509) (240,513) (238,513)
add_way 0x19b5edcb (312,542) (313,543) (315,544)
add_way 0x19b5edcd (309,545) (311,545) (312,545) (313,546) (314,548) (314,548) (315,548) (316,548)
add_way 0x19b5f11c (307,548) (305,548) (301,550) (300,550) (297,547) (295,547) (290,552)
add_way 0x3 (257,544) (256,544) (254,547) (251,548) (243,547) (241,548) (236,552)
add_way 0x19ec781e (263,544) (264,543) (266,542)
add_way 0x19ec7a54 (347,382) (345,383) (344,384)
add_way 0x19ec7a58 (342,394) (341,395) (340,396)
add_way 0x19edcb9d (591,4) (588,0)
add_way 0x19edcb9e (605,79) (603,74) (598,71) (594,65) (595,56) (591,46) (592,37) (590,33) (590,20) (588,16) (591,4)
add_way 0x20cc13da (284,197) (284,195)
add_way 0x20cc28ca (216,312) (214,313) (213,313) (212,313)
add_way 0x22f3bf6a (411,6) (411,7) (409,9) (407,12) (406,13) (405,16) (403,17) (403,18)
add_way 0x22f7b409 (196,442) (200,440) (201,438) (202,438) (203,438) (203,439) (203,441) (204,442) (206,443) (207,442) (208,441) (210,440) (214,437) (215,437)
add_way 0x22f7b40a (220,323) (226,327) (221,346) (222,347) (223,351) (232,353)
add_way 0x22f7b620 (270,351) (270,356) (270,358) (271,361) (271,363) (271,364)
add_way 0x22f7b621 (267,311) (266,312) (266,313) (265,314) (265,316) (265,317) (266,318) (264,319) (264,322)
add_way 0x22f7bd4c (304,423) (305,424) (305,425) (306,426) (307,426) (307,427)
add_way 0x22f7bd4d (286,362) (285,364) (284,367) (284,370) (283,372) (282,373) (282,373) (282,374)
add_way 0x22f7bd4e (267,373) (268,373) (270,373) (273,373) (276,373) (278,374) (279,375) (281,374) (282,374)
add_way 0x22f7bdbf (305,422) (304,423)
add_way 0x22f7cb74 (192,199) (196,196) (199,194) (201,191) (203,187) (204,183) (206,178) (208,174)
add_way 0x22f7cb75 (133,243) (136,243) (139,243) (141,243) (144,241) (146,240) (148,236) (150,234) (152,234) (153,236) (154,237) (155,237)
add_way 0x22f7cb76 (127,218) (129,219) (133,219) (134,220) (135,222) (134,224) (131,226) (129,228) (129,230) (130,231) (131,231)
add_way 0x22f7cb77 (127,218) (129,217) (133,215) (139,214) (141,213) (143,211) (146,209) (151,208) (154,208) (157,206)
add_way 0x22f7cb78 (169,183) (167,184) (165,186) (165,188) (167,190)
add_way 0x22f7cb79 (169,183) (171,183) (173,183) (174,184)
add_way 0x22f7cb7a (157,181) (157,180) (156,180) (155,180) (155,181) (155,182) (156,181) (157,181)
add_way 0x22f7cd88 (199,391) (200,392) (201,392) (204,392) (205,392) (209,391) (212,391) (214,391) (217,394) (220,398) (219,400)
add_way 0x22f7ea1c (213,293) (215,290) (216,288) (217,286)
add_way 0x23242eff (364,331) (364,333) (364,334) (365,336) (365,340) (366,340)
add_way 0x232431d7 (209,258) (215,255) (221,251) (223,250) (224,249) (225,247) (226,245) (228,244) (229,244)
add_way 0x232431e0 (255,285) (258,285) (259,286) (261,286) (265,283) (266,282) (270,280) (271,278) (270,277) (269,276) (268,276) (268,273) (267,273)
add_way 0x241a8338 (295,139) (294,140) (292,141)
add_way 0x241a8339 (343,399) (342,407) (342,409) (341,412) (340,415) (337,422) (331,431) (330,434) (329,439) (325,447) (324,448)
add_way 0x2a42c552 (264,406) (269,404) (270,404) (270,406)
add_way 0x2a42c553 (193,447) (193,448)
add_way 0x2a42c554 (324,398) (325,398) (326,399) (327,399) (329,398)
add_way 0x2a42c555 (282,355) (284,357) (285,358) (284,360) (285,361) (286,362)
add_way 0x2a45202d (237,299) (236,300) (234,301)
add_way 0x2a45202e (228,304) (228,305)
add_way 0x2a45202f (252,291) (251,291) (250,292) (249,292) (248,293) (246,293) (244,294) (243,295) (241,296) (239,298) (238,299) (237,299)
add_way 0x2a452030 (253,290) (252,291)
add_way 0x2a452031 (253,290) (261,306) (267,310)
add_way 0x2a452032 (254,288) (254,289) (253,290)
add_way 0x2a452033 (264,322) (265,327) (266,332) (267,335) (268,336)
add_way 0x2a452034 (268,336) (268,337) (268,340) (269,345) (269,347) (269,349) (270,350) (270,351)
add_way 0x2a452035 (271,364) (269,365)
add_way 0x2a452037 (263,262) (264,259) (266,255) (268,252) (268,248) (270,246)
add_way 0x2a452038 (229,244) (230,244)
add_way 0x2a452039 (230,244) (236,243) (239,242) (243,241) (250,240) (253,239) (256,236) (267,228) (272,225)
add_way 0x2a45203a (213,293) (212,293) (210,291) (210,290) (208,287) (208,285) (207,284)
add_way 0x2a45203b (337,397) (340,396)
add_way 0x2a45203c (329,398) (331,398)
add_way 0x2a45203d (331,398) (333,396) (335,396) (337,397)
add_way 0x2a452040 (307,427) (310,430) (312,431) (313,431) (313,432) (314,434) (315,435) (315,437) (315,438) (317,441)
add_way 0x2a452041 (344,384) (345,384)
add_way 0x4 (346,384) (346,385) (345,385) (345,384)
add_way 0x2a452044 (343,399) (340,400) (336,401)
add_way 0x2a452045 (267,392) (268,391)
add_way 0x2a452046 (266,399) (265,398) (266,397)
add_way 0x2a452047 (266,392) (266,391) (267,391) (267,390)
add_way 0x2a452049 (203,264) (204,263) (205,262)
add_way 0x2a45204a (205,262) (206,261) (208,259) (209,258)
add_way 0x2a45204b (203,283) (203,281) (203,275) (202,273) (202,272) (202,271) (201,271) (201,269) (202,266) (203,264)
add_way 0x2a45204c (207,284) (205,284) (204,284) (203,283)
add_way 0x2a45204e (259,279) (258,278)
add_way 0x2a45204f (253,275) (253,276) (252,276) (252,276) (252,277) (251,277)
add_way 0x2a452050 (255,285) (254,287) (254,288)
add_way 0x2a452051 (256,283) (256,284) (255,285)
add_way 0x2a452052 (255,276) (254,276)
add_way 0x2a452053 (258,278) (259,276) (258,274) (259,272)
add_way 0x2a452054 (211,307) (211,306) (211,303) (211,302) (212,299) (213,297) (214,293) (214,293) (213,293)
add_way 0x2a452056 (234,355) (236,358) (232,366) (236,373)
add_way 0x2a452057 (236,373) (236,374) (236,375) (236,376) (236,377) (237,377) (237,378) (237,378) (239,379) (240,380) (241,380) (242,381) (243,383) (244,383)
add_way 0x2a452058 (244,383) (246,384) (252,383) (253,383) (254,384)
add_way 0x2a452059 (261,386) (262,386) (263,387)
add_way 0x2a45205a (215,437) (216,436) (217,433) (219,431)
add_way 0x2a45205f (303,465) (298,469) (295,472) (291,480) (289,485) (286,493) (284,495) (280,497) (274,504) (264,513)
add_way 0x2a452060 (319,452) (308,461) (303,465)
add_way 0x2a4567f2 (267,273) (266,274) (265,275) (264,276) (263,276) (262,277) (259,279)
add_way 0x2a4567f3 (236,265) (237,265)
add_way 0x2a4567f4 (237,265) (238,265)
add_way 0x2a4567f5 (234,266) (234,265)
add_way 0x2a4567f6 (234,265) (235,265) (236,265)
add_way 0x2a4567f8 (217,286) (218,286) (221,285) (224,281) (226,278) (227,276) (230,274) (232,271) (231,269) (232,267) (234,266)
add_way 0x2a4567fa (210,309) (211,308) (211,307)
add_way 0x2a4567fb (211,313) (210,312) (210,311)
add_way 0x2a4567fc (212,313) (211,313)
add_way 0x2a4567fd (232,353) (233,353)
add_way 0x2a4567fe (233,353) (234,354) (234,355)
add_way 0x2a4567ff (228,305) (227,305) (227,306)
add_way 0x2a456801 (266,389) (265,388) (265,387) (263,387)
add_way 0x2a456802 (267,390) (266,389)
add_way 0x2a456803 (264,377) (263,381) (263,382) (261,386)
add_way 0x2a456804 (265,376) (264,377)
add_way 0x2a456805 (220,430) (222,429) (227,427) (230,427) (232,427) (235,427) (237,425) (239,424) (240,423) (241,423)
add_way 0x2a456806 (219,431) (220,430)
add_way 0x2a45680a (276,164) (275,163)
add_way 0x2a45680b (274,163) (273,162) (272,161) (270,161)
add_way 0x2a4e1407 (284,197) (285,194) (289,191) (291,186) (294,184)
add_way 0x2a4e1408 (279,194) (278,193) (277,192)
add_way 0x2a4e1409 (277,192) (276,192) (275,191) (274,188) (274,187)
add_way 0x2a4e140a (282,150) (280,152) (279,154) (279,156) (278,157) (276,158) (276,158) (274,159) (272,159) (271,160) (270,161)
add_way 0x2a4e140b (281,147) (281,148) (281,149) (282,149) (282,150)
add_way 0x2a4e140c (292,141) (291,141) (288,141) (286,142) (284,142) (283,143) (282,144) (281,144) (281,146) (281,146) (281,147)
add_way 0x2a4e140d (298,129) (297,131) (297,133) (297,136) (297,137) (297,139) (295,139)
add_way 0x2a4e140e (298,127) (298,129)
add_way 0x2a4e140f (339,84) (337,89) (331,94) (327,99) (316,108) (308,119) (301,122) (298,127)
add_way 0x2a4e62c8 (284,195) (282,195) (279,194)
add_way 0x2a4e62c9 (274,187) (274,186) (273,186) (273,185) (272,183) (272,182) (273,179) (273,178) (273,176) (273,175) (275,174) (277,172) (278,170) (279,168) (279,166) (278,165) (277,164) (276,164)
add_way 0x2a4e62cb (270,161) (270,162) (274,163)
add_way 0x2a4e62cc (342,77) (342,78) (341,81) (340,82)
add_way 0x2a4e62cd (343,77) (342,77)
add_way 0x2a4e62ce (353,71) (352,71)
add_way 0x2a4e62cf (352,71) (350,73) (348,72) (343,75) (343,77)
add_way 0x2a4e62d1 (361,65) (360,66)
add_way 0x2a4e62d2 (384,47) (383,49) (380,53) (378,55) (377,57) (373,60) (371,61) (369,64) (368,64) (366,64) (363,65) (362,65) (361,65)
add_way 0x2a4e62d4 (402,21) (402,23) (402,24) (402,25) (402,26) (401,27) (400,28) (397,29) (396,30) (395,31) (393,34) (392,35) (389,36) (388,37) (388,40) (387,41) (384,44) (384,45) (384,47)
add_way 0x2a4e62d5 (402,20) (402,21)
add_way 0x2a4e62d6 (403,19) (402,20)
add_way 0x2a4e62d7 (403,18) (403,19)
add_way 0x2a4e62d8 (267,311) (268,312) (271,313)
add_way 0x2a4e62d9 (267,310) (267,311)
add_way 0x2a4e62da (271,313) (272,314)
add_way 0x2a4e62db (272,314) (273,314) (278,317)
add_way 0x2a4e62dd (278,317) (286,317)
add_way 0x2a4e62df (287,317) (289,317) (291,318) (293,320) (294,322) (297,324)
add_way 0x2a4e62e2 (335,324) (336,325)
add_way 0x2a4e62e4 (332,323) (334,324)
add_way 0x2a4e62e5 (317,322) (320,322) (324,321) (327,321) (332,323)
add_way 0x2a4e62e6 (315,323) (317,322)
add_way 0x2a4e62e7 (306,326) (311,324) (315,323)
add_way 0x2a4e62e8 (300,326) (303,326)
add_way 0x2a4e62e9 (297,324) (298,325) (298,326) (299,326)
add_way 0x2a4e62ea (299,326) (300,326)
add_way 0x2d5059cb (421,491) (422,492)
add_way 0x2d5059cd (424,496) (423,496)
add_way 0x2d5059ce (424,496) (427,494)
add_way 0x2d5059d0 (427,501) (429,500) (431,500) (433,499)
add_way 0x2d5059d1 (427,501) (423,503) (420,505)
add_way 0x2d5059d2 (448,447) (449,447) (450,447) (452,445) (454,445) (455,445) (456,445)
add_way 0x2d5059d3 (459,438) (462,440) (463,441) (464,442) (465,442)
add_way 0x2d5059d4 (465,429) (467,430) (469,433) (473,437) (474,438)
add_way 0x2d5059d5 (465,429) (465,430) (467,432) (469,434) (473,438) (473,439)
add_way 0x2d5059d6 (465,429) (463,428) (460,426)
add_way 0x2d5059d7 (466,428) (465,427) (463,425) (463,424) (463,423)
add_way 0x2d5059d8 (485,398) (486,398) (487,399) (486,400)
add_way 0x2d5059d9 (502,386) (503,387) (505,387) (506,386) (507,385)
add_way 0x2d5059da (502,386) (506,383)
add_way 0x2d5059db (501,372) (504,372) (507,371)
add_way 0x2d5059dc (501,372) (499,373) (498,372) (497,372) (494,369) (493,367)
add_way 0x2d5059dd (508,362) (506,362) (504,361) (502,360) (500,359) (499,358) (498,357) (497,352)
add_way 0x2d5059de (517,348) (514,347) (512,347) (512,346)
add_way 0x2d5059df (519,337) (515,341)
add_way 0x2d5059e0 (519,337) (518,337) (518,336) (518,333) (517,332) (516,331) (515,330) (513,329) (512,329) (511,329) (510,331) (508,332) (506,332) (505,332) (503,335) (502,335)
add_way 0x2d5059e2 (523,422) (525,418) (527,416) (529,413) (529,412) (530,411) (536,409) (536,409) (536,406) (536,405) (537,404) (544,403) (545,402) (547,401) (548,400) (552,399)
add_way 0x2d5059e3 (506,439) (505,437) (504,437) (504,434)
add_way 0x2d5059e4 (494,460) (493,462) (492,467) (492,468)
add_way 0x2d5059e6 (376,552) (374,551)
add_way 0x2d505a08 (307,548) (307,549) (307,552)
add_way 0x2d505a0a (368,363) (368,364) (368,365) (367,366) (370,377) (372,389) (371,394) (371,399) (374,408) (374,409)
add_way 0x2da97183 (240,195) (239,196)
add_way 0x2da97184 (239,196) (238,196) (237,197) (236,197) (234,197) (233,196) (232,196)
add_way 0x2da97185 (244,185) (245,184) (246,184) (250,184)
add_way 0x2da97186 (244,185) (244,184) (244,183) (244,182) (243,182)
add_way 0x2da97187 (252,196) (253,196) (257,191)
add_way 0x2da97188 (208,118) (204,125) (191,137) (178,145) (177,147) (188,157) (202,154)
add_way 0x2da97189 (194,119) (192,123) (190,127) (190,128) (189,130)
add_way 0x2da9718a (180,105) (178,105) (175,106) (171,108) (165,111) (156,113) (154,114) (144,113)
add_way 0x2da9718b (208,89) (209,90) (210,90) (212,89) (213,89) (214,89) (215,91) (216,91) (217,91) (219,92) (222,93) (224,94) (224,95) (226,97) (226,98) (226,100) (225,101) (224,102) (223,103) (222,104)
add_way 0x2da9718c (184,77) (183,78) (180,80)
add_way 0x2da9718d (178,100) (178,101) (178,102)
add_way 0x2e411e5a (106,276) (105,277) (104,278) (104,279) (104,281)
add_way 0x2e411e5b (112,275) (116,273) (121,272) (122,272) (125,269)
add_way 0x2e411e5c (112,275) (115,272) (118,268)
add_way 0x2e411e5d (106,273) (107,271) (108,270) (110,269)
add_way 0x2f1c9fcc (374,410) (374,411) (372,417) (372,419) (373,432) (374,434) (376,434) (380,441) (385,447) (385,449) (384,462) (383,466)
add_way 0x2f1c9fcd (374,409) (374,410)
add_way 0x307240b7 (206,479) (210,485) (212,486) (216,486) (217,488) (220,488) (224,489) (228,488)
add_way 0x307240b8 (237,498) (235,495) (233,494) (231,494)
add_way 0x31ef5d6b (192,443) (192,442) (192,441) (190,439) (190,438) (192,437) (193,435) (194,434) (195,432) (195,430) (196,429) (196,427) (195,426) (195,425) (194,424) (194,423) (194,422)
add_way 0x31ef5d6c (194,422) (193,421) (191,421) (189,420) (187,417)
add_way 0x31ef5d6d (187,417) (186,416) (185,413) (186,411) (187,409) (188,407) (189,404) (189,402)
add_way 0x31ef5d6e (189,402) (189,401) (187,400) (187,399) (186,399) (185,400)
add_way 0x31ef5d6f (185,400) (183,399) (182,400) (180,399) (179,398)
add_way 0x31ef5d72 (167,380) (167,379) (167,378) (167,377) (167,377) (167,374) (166,373) (165,373) (164,372) (164,371) (166,368) (167,366) (167,362) (167,361) (166,359) (165,359)
add_way 0x31ef5d73 (159,332) (169,320) (176,317) (180,318) (186,310) (195,303) (201,304) (209,309) (210,309)
add_way 0x31ef64d9 (352,483) (351,480) (348,480) (346,479)
add_way 0x31ef64da (346,479) (345,477) (345,476) (344,475)
add_way 0x31ef64db (324,448) (325,451) (328,452) (329,453) (331,456) (333,459) (332,463) (332,466) (332,470) (333,472) (335,475) (338,476) (341,475) (343,475) (344,475)
add_way 0x31ef64dc (380,466) (380,468) (379,470) (377,472) (377,474) (377,476) (378,477) (379,478) (381,479) (383,480) (385,480) (386,481) (386,482) (387,483) (387,484) (388,485)
add_way 0x31efc3af (196,381) (200,379) (203,377) (206,375) (208,373) (209,372) (212,371) (214,370) (215,368) (215,367) (214,366) (214,364)
add_way 0x3348ae71 (187,72) (186,74) (186,76) (184,77)
add_way 0x3348ae72 (210,84) (212,82)
add_way 0x3348ae73 (206,88) (207,88)
add_way 0x3348ae74 (206,88) (205,89)
add_way 0x3348ae75 (178,102) (180,103) (180,105)
add_way 0x3348ae76 (231,185) (230,186) (230,189)
add_way 0x3348ae77 (230,189) (230,190) (229,192) (229,193)
add_way 0x3348ae78 (237,190) (236,191) (235,191) (234,193) (231,194) (230,194)
add_way 0x3348ae79 (265,203) (267,201) (270,197) (271,195)
add_way 0x3348ae7c (259,272) (263,262)
add_way 0x3348ae7e (267,392) (267,393)
add_way 0x34304a87 (601,99) (604,98) (606,97)
add_way 0x34304a88 (606,97) (608,94) (608,91)
add_way 0x34bde31f (347,382) (347,383)
add_way 0x384fcde4 (199,459) (197,464) (198,468) (199,468)
add_way 0x384fd208 (220,323) (218,322) (215,319)
add_way 0x38dbc3df (492,126) (492,128) (493,129) (494,129) (495,131) (496,133) (496,134) (497,136) (498,137) (500,138) (501,138) (503,141)
add_way 0x3a647ed1 (193,447) (196,450) (198,452)
add_way 0x3a647ed2 (198,452) (199,455) (199,459)
add_way 0x3a647ed3 (230,490) (231,491) (231,492) (231,494)
add_way 0x3a647ed4 (228,488) (230,490)
add_way 0x3b538314 (420,188) (417,189) (411,190) (409,191) (407,191) (405,191) (403,190) (402,189) (401,188) (398,188) (396,189) (389,191) (378,194)
add_way 0x5 (378,194) (377,195) (376,196) (376,196) (375,195) (375,195) (376,195) (376,194) (376,194) (378,194)
add_way 0x3c28e60e (561,198) (561,197) (564,194) (565,190) (570,188) (572,185) (574,186) (575,187)
add_way 0x3c28e60f (575,187) (577,186) (582,185)
add_way 0x3ef7a135 (423,524) (419,541) (420,552)
add_way 0x3ef7a136 (419,482) (419,484) (419,486) (421,491)
add_way 0x3ef87c49 (149,545) (151,543)
add_way 0x3ef87c4b (83,536) (90,537) (100,537) (105,534) (110,532) (112,532)
add_way 0x3ef882b0 (130,384) (135,377) (136,373) (136,370) (127,363) (126,356) (127,353) (128,351) (131,348) (133,346) (133,344) (133,340) (134,337) (137,335) (142,333)
add_way 0x6 (142,333) (143,332) (144,331) (145,331) (145,331) (145,332) (144,332) (142,333)
add_way 0x3f00a62c (12,492) (22,486) (35,481) (46,474) (49,474) (57,471) (59,471) (64,476)
add_way 0x3fc0e609 (259,279) (259,280) (260,280)
add_way 0x3fc0e60a (360,330) (361,331) (361,331) (362,332) (363,332) (363,331) (364,331)
add_way 0x418b86ee (215,319) (214,317) (214,315) (216,312)
add_way 0x41e2abcd (640,111) (632,115) (633,112) (633,111) (632,109) (631,109) (625,108) (623,108) (623,108) (618,110) (617,110) (616,110) (614,109) (613,108) (611,107) (610,106) (609,103) (609,102) (609,101)
add_way 0x41e2abce (508,66) (508,67) (504,69) (502,71) (502,71) (501,72) (500,72) (498,72) (494,73) (493,73) (493,73) (492,74)
add_way 0x41e2abcf (487,79) (480,83) (478,84) (475,85) (475,85) (475,86)
add_way 0x41e2abd0 (492,74) (487,79)
add_way 0x41e2abd1 (521,20) (523,20) (524,21) (527,23) (528,23) (530,24) (532,25) (535,26) (536,26) (537,26) (541,27) (545,27) (547,27) (549,28) (551,28) (553,29) (554,30) (555,31)
add_way 0x41e2abd2 (530,11) (531,8) (531,3) (531,1) (531,0)
add_way 0x427dbded (200,469) (203,472) (205,476) (206,479)
add_way 0x44d304dd (513,71) (516,70) (518,71) (520,69) (522,68) (523,68) (526,68) (529,68) (530,68) (533,66) (536,65) (539,65) (540,64)
add_way 0x4518b2a0 (272,225) (274,223)
add_way 0x4518b2a1 (192,444) (192,443)
add_way 0x4518b2a2 (263,406) (264,403) (266,401) (266,399)
add_way 0x4518b2a3 (324,448) (319,452)
add_way 0x4518b2a4 (368,363) (366,363)
add_way 0x4518b2a6 (362,329) (363,329)
add_way 0x4518b2a7 (270,351) (273,354) (277,355) (280,354) (282,355)
add_way 0x4518b2a8 (272,212) (275,208)
add_way 0x45e99ef8 (333,403) (332,404) (331,405) (329,406) (328,408) (327,410) (326,412) (326,413) (324,415) (318,418) (316,418) (313,419) (312,421) (309,422) (307,422) (305,422)
add_way 0x45e99ef9 (336,401) (333,403)
add_way 0x4607d21f (151,543) (154,545) (158,548) (162,550) (164,552)
add_way 0x4607d220 (148,542) (148,540) (149,537) (150,535) (151,533)
add_way 0x4607d221 (151,533) (152,531)
add_way 0x4607d222 (152,531) (152,530) (153,528) (153,525) (153,523)
add_way 0x4607d224 (44,522) (47,522) (53,520) (57,517)
add_way 0x4607d225 (57,517) (60,516) (63,513) (64,511) (69,506) (68,503)
add_way 0x4607d226 (44,522) (43,520) (40,520) (39,520) (37,520)
add_way 0x4607d227 (68,448) (70,449) (74,448) (77,446) (77,445) (82,442) (86,438) (86,437) (90,432) (94,429) (96,429) (98,427) (96,426) (92,426) (85,431) (79,435) (77,437) (74,440)
add_way 0x4607d228 (189,402) (192,400) (195,398) (198,395) (199,391)
add_way 0x4607d229 (219,400) (218,402) (221,402) (224,402) (224,405)
add_way 0x4621f20a (79,538) (83,536)
add_way 0x4c70802f (618,65) (611,70) (608,74) (605,79)
add_way 0x4c708030 (521,20) (524,18) (527,17) (529,16) (529,16) (529,15) (529,14) (530,11)
add_way 0x4e159bb4 (559,202) (561,200) (561,199) (561,198)
add_way 0x4f389fea (303,326) (306,326)
add_way 0x4f38a459 (366,340) (371,338)
add_way 0x4f38bdee (347,383) (346,384)
add_way 0x4f38bdef (343,386) (342,388) (342,389)
add_way 0x4f38bdf0 (342,389) (342,390)
add_way 0x4fd27530 (68,437) (67,437) (65,436) (64,436) (64,436) (64,435)
add_way 0x4fd27531 (68,437) (65,439) (63,440) (62,441)
add_way 0x52e1b9dd (458,536) (462,536) (462,537) (462,538) (462,538) (463,539) (464,539)
add_way 0x52e1b9de (485,481) (484,479) (483,478) (481,478)
add_way 0x54179533 (162,357) (162,356) (161,355) (161,353) (160,350) (158,344) (157,341) (157,339) (156,338) (156,336) (156,335) (157,335) (157,334) (158,333) (159,332)
add_way 0x54179534 (165,359) (164,358) (162,357)
add_way 0x55a66087 (371,342) (376,340) (378,338) (380,338) (387,330) (390,328) (398,324) (404,320)
add_way 0x55a66088 (415,327) (413,321) (411,320) (404,320)
add_way 0x55a66089 (427,304) (422,307) (416,310) (412,314) (408,315) (406,316) (404,320)
add_way 0x5729eed2 (595,276) (584,276) (581,272) (579,270) (574,264) (574,257) (573,252) (567,245) (566,245) (564,241)
add_way 0x8 (404,0) (411,6)
add_way 0xa (411,6) (416,8) (419,8) (434,8) (436,8) (439,9) (442,11) (450,16) (452,18) (453,20) (455,23) (455,26)
add_way 0xb (455,26) (456,28)
add_way 0xc (456,28) (456,29) (458,31) (461,34) (490,58) (493,60) (498,62) (502,63) (505,64) (508,66)
add_way 0xd (508,66) (513,70) (513,71)
add_way 0xe (513,71) (516,76) (518,79) (523,83) (526,87) (528,91)
add_way 0xf (528,91) (529,92) (550,105) (551,106)
add_way 0x10 (551,106) (553,112) (553,131) (557,148)
add_way 0x11 (557,148) (557,149) (555,180) (554,185) (551,194) (550,197) (549,212)
add_way 0x12 (549,212) (549,221)
add_way 0x13 (549,221) (551,232) (557,242)
add_way 0x14 (557,242) (559,245) (564,253) (565,258) (565,262) (559,282) (557,296)
add_way 0x15 (557,296) (556,299) (555,302) (555,305) (554,307) (552,309)
add_way 0x16 (552,309) (549,313) (527,333) (524,337)
add_way 0x17 (260,0) (253,2) (250,3) (245,5) (242,7) (237,12) (232,19)
add_way 0x18 (232,19) (224,32) (221,38) (218,42) (214,46) (212,50) (211,51) (209,54) (209,56)
add_way 0x19 (209,56) (208,58) (209,61) (209,63) (210,64) (210,64) (212,66) (215,67) (216,68) (217,70) (217,72) (217,75) (217,76) (216,78) (213,83) (208,89)
add_way 0x1a (208,89) (207,91)
add_way 0x1b (207,91) (206,93) (206,94) (205,97) (204,100) (203,101) (201,103) (199,106) (197,108) (194,117)
add_way 0x1c (194,117) (194,119)
add_way 0x1d (194,119) (194,121) (194,123) (196,126) (199,129) (203,136) (207,141) (209,143) (211,145) (212,147) (215,153) (220,159) (220,160) (220,162) (221,165)
add_way 0x1e (221,165) (220,172) (221,174) (221,176) (228,183)
add_way 0x1f (228,183) (229,184) (231,185)
add_way 0x20 (231,185) (234,187) (236,188) (236,190)
add_way 0x21 (236,190) (237,190)
add_way 0x22 (237,190) (238,193) (239,194) (240,195)
add_way 0x23 (240,195) (242,195) (247,196) (252,196)
add_way 0x24 (252,196) (257,197) (259,198) (261,200) (263,202) (265,203)
add_way 0x25 (265,203) (266,205) (268,209) (269,210) (272,212)
add_way 0x27 (294,0) (294,9) (290,18) (290,22) (295,28) (304,33) (306,39) (300,55) (300,66)
add_way 0x29 (300,66) (304,65) (307,65) (309,65) (311,66) (313,67) (317,67) (321,67) (322,67) (325,68) (328,70) (331,72) (331,73) (334,77) (335,80) (337,81) (339,82) (340,82)
add_way 0x2a (551,106) (553,106) (556,107) (561,108) (565,109)
add_way 0x2b (565,109) (568,110) (582,123) (583,125) (584,126)
add_way 0x2c (584,126) (589,136) (594,146)
add_way 0x2d (594,146) (595,148) (597,152)
add_way 0x2e (597,152) (600,157)
add_way 0x2f (600,157) (606,164) (609,167) (609,168)
add_way 0x30 (609,168) (610,168) (611,170) (611,174) (608,186)
add_way 0x31 (130,239) (131,237) (131,234) (131,231)
add_way 0x33 (131,231) (132,230) (134,229) (139,227) (147,224) (149,222) (152,219) (154,216) (155,211) (156,208) (157,206)
add_way 0x34 (157,206) (157,205) (163,195) (165,191) (167,190)
add_way 0x35 (167,190) (170,187) (174,184)
add_way 0x36 (174,184) (175,183) (181,183) (183,183) (185,183) (193,184) (196,184) (199,183) (201,181) (204,177) (207,175) (208,174)
add_way 0x38 (368,267) (367,265) (372,256) (387,242) (393,239) (396,240) (422,255)
add_way 0x39 (422,255) (425,256) (435,256) (444,257) (445,257) (447,256) (453,254) (465,249) (468,248) (470,248) (473,248) (477,248) (479,248)
add_way 0x3a (479,248) (480,245) (481,244) (483,241) (485,238) (487,233) (490,229) (492,226) (493,225)
add_way 0x3b (257,280) (257,281) (256,281) (256,282)
add_way 0x3d (256,282) (257,282) (257,282) (258,282)
add_way 0x3f (258,282) (259,281)
add_way 0x40 (267,273) (275,260) (271,254) (273,243) (278,233) (277,231)
add_way 0x42 (277,231) (277,230) (278,228) (277,228) (276,226) (274,224) (274,224) (274,223)
add_way 0x44 (230,303) (229,303) (229,302) (229,302) (228,303) (228,303) (228,304)
add_way 0x46 (584,349) (592,356) (596,364) (597,371) (596,380) (592,392) (592,412) (585,422) (555,434) (542,426) (526,427) (523,422)
add_way 0x47 (523,422) (520,427) (517,429) (514,433) (509,437) (506,439)
add_way 0x48 (506,439) (504,440) (503,442) (500,446) (495,452) (494,455) (494,457) (494,460)
add_way 0x49 (615,129) (615,134) (615,137) (615,138) (615,139)
add_way 0x4b (594,146) (593,149) (592,154) (592,156) (591,160) (590,164) (588,168) (587,171) (585,178) (584,181) (582,185)
add_way 0x4c (582,185) (581,187) (576,199) (576,200)
add_way 0x4d (566,214) (563,214) (561,212) (557,210) (555,210)
add_way 0x4e (485,161) (486,152) (485,149) (486,146) (485,144) (484,141) (485,132) (486,130) (488,128) (490,127)
add_way 0x4f (490,127) (491,126) (492,126)
add_way 0x50 (389,483) (388,485)
add_way 0x51 (363,329) (364,329) (366,328) (366,328) (367,329) (368,329) (370,332) (371,335) (371,338)
add_way 0x52 (371,338) (371,342)
add_way 0x53 (371,342) (371,344) (371,348) (371,348) (370,349) (370,353) (369,358) (369,360)
add_way 0x54 (346,531) (349,527) (349,524) (348,519) (347,511) (347,509) (347,507) (350,499) (351,496) (351,493) (351,486) (351,484) (352,483)
add_way 0x55 (352,483) (352,482) (357,477) (362,474) (375,468) (380,466)
add_way 0x56 (380,466) (381,466) (383,466)
add_way 0x57 (383,466) (385,466) (390,467) (393,469) (402,478)
add_way 0x58 (200,469) (199,468)
add_way 0x59 (20,546) (21,548) (23,550) (26,551) (34,549) (40,547) (51,541) (65,533) (72,534) (79,537) (79,538)
add_way 0x5a (147,552) (149,545)
add_way 0x5b (75,438) (77,431) (79,429) (80,426) (98,408) (101,405) (105,404) (109,404) (113,401) (114,400) (121,394) (125,388) (129,385) (130,384)
add_way 0x5c (130,384) (131,383) (139,381) (142,381) (143,382) (146,383) (147,385)
add_way 0x5d (20,546) (24,545) (32,541) (37,537) (39,533) (41,529) (44,522)
add_way 0x5e (44,522) (57,495)
add_way 0x5f (57,495) (63,481) (64,479) (64,476)
add_way 0x60 (64,476) (64,472) (63,459) (63,455) (65,451) (68,448)
add_way 0x61 (68,448) (70,445) (74,440)
add_way 0x63 (53,254) (55,256) (57,260) (61,264) (63,266) (65,266) (71,266) (75,268) (78,269) (83,272) (85,272) (88,273) (90,272) (91,271) (92,271) (94,271) (96,271) (100,273) (106,273)
add_way 0x66 (226,185) (215,192) (212,196) (203,200) (198,204)
add_way 0x67 (198,204) (198,205) (198,206) (198,207) (197,208) (196,211) (195,212) (194,213) (193,213)
add_way 0x68 (193,213) (187,220) (186,221) (185,222) (183,223) (183,224) (181,225) (179,226) (178,228) (177,229) (175,229) (173,231) (171,232)
add_way 0x69 (423,524) (421,525) (419,525) (414,525) (411,526)
add_way 0x6a (411,526) (401,534) (397,539)
add_way 0x6b (397,539) (394,537) (392,536)
add_way 0x6c (440,552) (441,550) (444,547) (451,541) (456,538) (458,536)
add_way 0x6e (458,536) (459,534) (462,528)
add_way 0x6f (462,528) (464,525) (465,522) (466,520) (468,510) (469,507) (471,504) (471,502) (478,491)
add_way 0x70 (478,491) (484,482) (485,481)
add_way 0x72 (257,544) (257,543) (258,542) (258,541) (258,538) (258,536) (258,535) (258,534) (259,533) (259,532) (260,530) (262,526) (263,525) (263,523) (264,521) (264,520) (264,516) (264,514) (264,513)
add_way 0x73 (264,513) (264,511) (262,505)
add_way 0x74 (324,526) (322,527) (321,529) (319,531) (318,532) (318,534) (318,535) (318,536) (319,537)
add_way 0x75 (319,537) (318,538) (315,540) (313,542) (312,542)
add_way 0x76 (312,542) (311,543) (309,545)
add_way 0x77 (309,545) (308,546) (308,547) (307,548)
add_way 0x78 (273,552) (272,551) (271,546) (270,545) (263,544)
add_way 0x79 (263,544) (260,544) (258,543) (257,544)
add_way 0x7a (369,360) (366,362)
add_way 0x7b (366,362) (366,363)
add_way 0x7c (366,363) (359,371) (351,379) (347,382)
add_way 0x7d (324,448) (323,447) (323,447) (322,446) (321,446) (320,444) (320,443) (319,443) (319,442) (318,442) (318,442) (317,441)
add_way 0x7e (608,91) (607,88) (606,80) (605,79)
add_way 0x7f (282,200) (284,197)
add_way 0x80 (227,306) (223,308) (221,309) (218,311) (217,312) (216,312)
add_way 0x81 (192,443) (194,442) (196,442)
add_way 0x83 (227,306) (227,307) (227,308) (224,310) (224,311) (225,313) (224,314) (222,317) (221,319) (221,321) (220,323)
add_way 0x84 (241,423) (246,421) (246,418) (247,415) (250,414) (257,406) (263,406)
add_way 0x85 (263,406) (264,406)
add_way 0x86 (264,406) (266,406) (267,406) (268,406) (269,406) (270,406)
add_way 0x87 (270,406) (272,408) (273,414) (277,417) (282,416) (289,417) (295,415) (300,418) (304,423)
add_way 0x88 (324,398) (322,398) (320,399) (318,400) (317,401) (315,403) (315,404) (315,406) (314,408) (310,413) (309,415) (307,417) (306,419) (305,421) (305,422)
add_way 0x89 (116,226) (118,223) (121,222) (125,221) (127,219) (127,218)
add_way 0x8a (157,181) (159,181) (162,182) (164,182) (167,182) (169,183)
add_way 0x8b (147,385) (157,377) (160,377) (168,383) (180,375) (187,373) (192,380) (196,381)
add_way 0x8c (196,381) (197,383) (196,387) (197,388) (197,389) (199,391)
add_way 0x8d (363,329) (364,331)
add_way 0x8f (286,362) (328,357) (341,353) (357,357) (359,360) (366,362)
add_way 0x90 (342,390) (342,392) (342,394)
add_way 0x91 (342,394) (343,399)
add_way 0x92 (196,442) (195,445) (193,447)
add_way 0x93 (282,374) (298,373) (305,379) (319,380) (317,391) (321,392) (324,398)
add_way 0x94 (238,265) (239,268) (242,270) (243,272) (244,273) (246,273) (251,275) (253,275)
add_way 0x95 (234,301) (232,302) (231,302) (230,303)
add_way 0x96 (230,303) (229,304) (228,304)
add_way 0x98 (269,365) (267,368) (266,371) (267,371) (267,373)
add_way 0x99 (267,373) (266,374) (265,376)
add_way 0x9b (345,384) (346,384)
add_way 0x9c (343,386) (341,385) (340,386)
add_way 0x9d (266,392) (267,392)
add_way 0x9e (266,397) (266,396) (266,396) (265,395) (265,394) (266,393)
add_way 0x9f (266,393) (266,392)
add_way 0xa1 (254,276) (253,275)
add_way 0xa2 (258,278) (255,276)
add_way 0xa4 (254,384) (255,384) (256,383) (258,384) (259,384) (259,385) (259,385) (261,386)
add_way 0xa8 (210,311) (210,309)
add_way 0xaa (275,163) (274,163)
add_way 0xb0 (360,66) (359,66) (356,69) (353,71)
add_way 0xb6 (286,317) (287,317)
add_way 0xb7 (336,325) (338,326) (344,326) (345,327) (347,328) (349,329) (354,329) (356,330) (359,330) (360,330)
add_way 0xb8 (360,330) (361,329) (362,329)
add_way 0xb9 (334,324) (335,324)
add_way 0xbb (494,383) (496,383) (502,386)
add_way 0xbc (524,337) (523,336) (521,336) (520,337) (519,337)
add_way 0xbd (368,361) (368,363)
add_way 0xbe (236,190) (238,189) (240,188) (244,185)
add_way 0xbf (194,117) (193,117) (192,117) (191,116) (189,114) (187,112) (184,108) (181,105) (180,105)
add_way 0xc0 (106,276) (108,276) (109,276) (112,275)
add_way 0xc1 (179,398) (178,398) (178,397) (176,398) (174,398)
add_way 0xc2 (174,398) (169,400) (168,399) (167,398) (168,394) (167,392) (165,388) (166,382) (167,382) (167,381) (167,380)
add_way 0xc3 (189,71) (187,72)
add_way 0xc4 (207,91) (207,90) (207,90) (207,88)
add_way 0xc5 (207,88) (208,87) (210,84)
add_way 0xc6 (210,84) (208,85) (207,85) (207,86) (206,88)
add_way 0xc7 (272,212) (272,213) (271,213)
add_way 0xc8 (270,246) (277,231)
add_way 0xc9 (266,393) (267,392)
add_way 0xca (267,392) (267,393)
add_way 0xcb (267,393) (267,394)
add_way 0xcf (458,197) (454,197) (452,196) (451,195) (444,189) (440,187) (435,184) (433,184) (432,184) (430,184) (428,185) (420,188)
add_way 0xd0 (576,200) (574,199) (573,197) (575,195) (573,191) (574,188) (575,187)
add_way 0xd1 (422,492) (423,494) (424,496) (424,496)
add_way 0xd2 (424,496) (425,497) (427,501)
add_way 0xd3 (427,501) (427,506) (427,511) (423,524)
add_way 0xd4 (517,348) (508,362)
add_way 0xd5 (508,362) (506,365) (501,372)
add_way 0xd6 (501,372) (494,383)
add_way 0xd7 (494,383) (485,398)
add_way 0xd8 (485,398) (466,428)
add_way 0xd9 (466,428) (465,429)
add_way 0xda (465,429) (461,435) (459,438)
add_way 0xdb (459,438) (454,443) (448,447)
add_way 0xdc (448,447) (440,453) (437,456) (430,465) (427,470) (423,474) (421,477) (419,480) (419,482)
add_way 0xdd (456,28) (480,5) (483,5) (487,8) (497,8) (499,11) (503,13) (506,19) (521,20)
add_way 0xdf (344,384) (343,386)
add_way 0xe0 (75,438) (74,437) (74,436) (72,436) (72,436) (70,436) (68,437)
